C:32.0 gamma:0.01 degree:4 alpha:0.1 z:0.0a:1.0	1	2	3	4	5	6	7	8	9	10	11	12	13	14	15	16	17	18	19	20	21	22	23	24	25	26	27	28	29	30	31	32	33	34	35	36	37	38	39	40	41	42	43	44	45	46	47	48	49	50	51	52	53	54	55	56	57	58	59	60	61	62	63	64	65	66	67	68	69	70	71	72	73	74	75	76	77	78	79	80	81	82	83	84	85	86	87	88	89	90	
1	1.2211027114272295	1.047674266791043	1.0827635831469433	1.1698872749020257	1.0900828402917044	1.0683762285720797	1.0338151560072044	1.0649481696345153	1.0744075479896043	1.0685334498815136	1.0562964743430021	1.1266965016079373	1.07550685968485	1.091559424131922	1.0744619319543305	1.044993129476374	1.0463680222605438	1.0733652650951333	1.0374652304700032	1.0362500656558795	1.1150726413237915	1.1097430556657042	1.0757205890180743	1.0701902967757062	1.0694515976814654	1.0853167537801445	1.1487289282141988	1.0655711464827209	1.1258423374809088	1.1135812475800617	1.1366788004764017	1.1284349161489484	1.0616681134519548	1.1325328648758968	1.0145665171409324	1.1054463981507237	1.0610964551107835	1.0280888604473588	1.0792640523502808	1.0315112503062311	1.0722397519592504	1.0542259018692666	1.0486753084896259	1.053935338248978	1.0714819271131986	1.0714156770100618	1.1081009141182316	1.0211901872900395	1.0881209820881654	1.0879363752802402	1.0917273596512393	1.0742733373949949	1.021950070858981	1.0884643187519578	1.0528434581216706	1.0743803352239634	1.0941305651114444	1.0400392003547942	1.0821186531441072	1.0666327885121076	1.1550648204027105	1.1463724920747542	1.0850409456986978	1.1394273788447666	1.0655735249056255	1.1395185826702923	1.0809166882724106	1.0574550131788067	1.0703632631139994	1.043124771218997	1.0374556723953485	1.0773103860662838	1.0914934675838976	1.059835465080198	1.0619357970729817	1.0402793389912475	1.0678762906108406	1.0496963802246535	1.0111371929819593	1.0618304950472446	1.0630116735651236	1.1436168597165641	1.0580213517853159	1.0346702060030404	1.0418620211280392	1.0910171330432792	1.1191362176774786	1.0550605496952115	1.1329140809165879	1.0920816394914812	
2	1.047674266791043	1.1031748389641844	1.0403848250101864	1.0535068273804782	1.0417551115301247	1.0828977392430805	1.0395599656758276	1.0474953767037953	1.0626395446913262	1.029706210972566	1.0569662714789523	1.0282315355298595	1.0440644819449856	1.0250102770089728	1.0204124940996753	1.036933310080349	1.0374226539114324	1.0123458155151284	1.0009105480491463	1.0549951370730586	1.083770222152255	1.080864492778255	1.0229949347831016	1.068614475029883	1.0376698393780135	1.0742549931843381	1.039671954943158	1.0283624276671364	0.9911511906507618	1.0104791330804999	1.0497125572538424	1.096720270165776	1.0141396433580603	1.0400810238391223	1.0458331466565434	1.0602063796955064	0.9919802925225861	1.04760404357276	1.038398148479156	1.0321839217253879	1.0164364271643413	1.0061323061949987	1.006965705344088	1.0745674227894468	1.0295080046903142	1.053383784434685	1.0096719660281155	1.0435790724240233	1.0436384344157952	0.9947797098653747	1.0393785604181265	1.070168789421819	1.0358592258517727	1.0694618741626045	1.0140947617299152	1.0125204794957003	1.0721512015535164	0.998986751134775	1.0141338984904074	1.0382831127447065	1.0314995148676853	1.063158649404893	1.038164581702026	1.035298080367454	1.0496496109954632	1.036335785753993	1.0128770165224255	1.0468263282253292	1.0618496226459595	1.0067534368827264	1.0133414120577815	1.0874991944476309	1.0631172461782445	1.037610655206475	1.0115495773255625	0.9926395865250032	1.0335155726375675	1.0209071560593495	1.0184252388473278	1.0377924917606975	1.0454557088885121	1.0406350953578534	1.015439224950505	1.0135612623734673	1.0369745787810334	1.048924378163396	1.0309909610537347	1.0315028440396183	1.01466154784183	1.0450952231005612	
3	1.0827635831469433	1.0403848250101864	1.2165247237672066	1.1180562731426174	1.1707845900622145	1.1183439975406075	1.1401349209424507	1.1172445762879393	1.1545960856813493	1.0986121354000749	1.1156082531571945	1.09884219853962	1.0647468913944125	1.0737810567348272	1.1699666146077234	1.1532863913470994	1.1026051009761668	1.1094986931826571	1.0707301443336952	1.111034309101586	1.1287693618734023	1.1412445907913897	1.171750972384279	1.1376781354206689	1.1849365223702726	1.1307920257939084	1.0920263011605373	1.164681139036083	1.0979157469382164	1.095298003643362	1.0510389269009675	1.1124509846379862	1.1426057375059626	1.1172555392736883	1.1094367985686047	1.0983247498673212	1.0921431682963871	1.107611545758017	1.176767958227271	1.1447488924435565	1.1155552995646238	1.1061278362216438	1.1050290596847854	1.1032850598491268	1.1799879490968552	1.1770870218813416	1.102256846621067	1.1296426998526523	1.1650606739621236	1.067135772387337	1.0472796308787382	1.0907994892578152	1.1275767803688976	1.154531880733573	1.1242865608710286	1.0745338432725522	1.0965708909590068	1.1170785838478041	1.1167508547454317	1.1513549286787903	1.0409014763407998	1.0838080533868626	1.1558786057643462	1.0829739268751877	1.1871260611565806	1.0857199185923738	1.1455233751388085	1.0787594115187693	1.1259071924404325	1.116201576573958	1.089904793655049	1.1049158278224196	1.0688323633090624	1.064413462959644	1.0675056222535233	1.0681495536338208	1.1683490731133725	1.0914127327544112	1.0942078705890852	1.1700183005836062	1.1212727523831212	1.0946984324026852	1.111069782440855	1.1043932852692802	1.1135885228596136	1.0815897321292072	1.1062324999120319	1.1641860900461547	1.0889328428040712	1.117442106142418	
4	1.1698872749020257	1.0535068273804782	1.1180562731426174	1.2213378644661874	1.1528272872172507	1.1247882603816677	1.0961157204520346	1.1187520436959044	1.1285372128014743	1.1235154345730263	1.125088229885692	1.1578871934732322	1.08186568832019	1.1308950517802103	1.1187052662567103	1.1138805649222687	1.1135322337240225	1.1112034402060118	1.0549513235897838	1.0973948689999569	1.1305365436063557	1.1268272915250142	1.131582407372524	1.1321381867145988	1.1041433528679065	1.1410105710066316	1.1530304043873036	1.1125077340266607	1.1233534135588896	1.1019601443874023	1.1276852018218955	1.1339285434148605	1.1220763351765326	1.1593570056145917	1.0921425356821013	1.1811010527236872	1.1043746748051129	1.0774012996274485	1.1430922435843593	1.0852128937585588	1.1253209007835574	1.1096099431183892	1.1071560795727198	1.108276330767985	1.1093969643636448	1.1305901308699053	1.1470399922608343	1.0766327860723515	1.1492101693895203	1.1109257029329354	1.1075122317551038	1.109743656642683	1.089285071908873	1.1450248412340018	1.116145996653715	1.1118852904798218	1.134303158983534	1.074006537355968	1.0890231643137518	1.0935731927421943	1.1368139346224373	1.1407697328573692	1.1688683179463846	1.1608470943976397	1.1150900971629445	1.185317041632552	1.1266970238528897	1.108711896211194	1.1551824511323565	1.0955816503730849	1.0913549056270178	1.125438165153228	1.1354549107474368	1.0914861570117238	1.1105288016981576	1.0821713872960272	1.0990970746554556	1.1202305856661483	1.0705175826048463	1.1116103562547577	1.1038785339035126	1.1454933360742183	1.1355358378541185	1.0789770593005434	1.1129636816638964	1.167062277553953	1.1754059390984137	1.1096207141417949	1.1463507122239298	1.1391079037672251	
5	1.0900828402917044	1.0417551115301247	1.1707845900622145	1.1528272872172507	1.2208346154057452	1.1529895436888171	1.151422555657746	1.1477366864628975	1.1881248331967091	1.1376689156900313	1.1608541773108352	1.1733506984678086	1.0812724321995666	1.1415783329929288	1.1957422082306919	1.1653698350533768	1.1613757462329088	1.155173345754041	1.086150968168465	1.1539760092994689	1.1485334837989043	1.1592562092383254	1.1930321205845658	1.175799660898444	1.1819265363276097	1.176695779516468	1.0967298792872782	1.1383853257973582	1.087834671616398	1.117133548230314	1.0428467587985524	1.120166424639135	1.1317618117036334	1.119218858390836	1.13832620860974	1.1700354127749235	1.1252342379458162	1.1129064234003179	1.2142591370542168	1.1445821126130349	1.1730425447017416	1.138332680110308	1.1358989616785118	1.1348012385412076	1.1887009676704974	1.209117587643111	1.1714516334369625	1.1412059069306504	1.2183166587711882	1.1081166556494788	1.077798004206661	1.1185076799059677	1.1452276322445931	1.197628821852679	1.1575051593819985	1.1315538476942097	1.0899096249934215	1.0877273195882529	1.0868238662582963	1.1345295025012245	1.054738818239175	1.1158437224628943	1.1691015415947745	1.1030615542732038	1.2039264897559452	1.1650949976235694	1.1708355362543892	1.1161292391598778	1.1765739028600073	1.1413239880802688	1.1249835157298986	1.1417706711982412	1.1107168146061799	1.0988533252448993	1.1142039145028197	1.1015096816682721	1.1758458639648515	1.1514567507913696	1.1096712330312315	1.1706407837770805	1.138797772634324	1.1461847544000279	1.1590699182810038	1.1315668957475233	1.1609768483579916	1.1565167879690765	1.1253898201204273	1.1259519767249782	1.097322938284942	1.1637225575427468	
6	1.0683762285720797	1.0828977392430805	1.1183439975406075	1.1247882603816677	1.1529895436888171	1.1850572255837046	1.1261045347757697	1.1082694896238952	1.1624003273706907	1.1151977859949354	1.1527267164938677	1.128347232443223	1.1094077094032633	1.1265799594073693	1.1215102793359082	1.1401309721270103	1.1086859480010025	1.1081013005186455	1.0828461330220942	1.1231050282755184	1.1472444624321887	1.1535089434916403	1.1201842944790774	1.1572583628164999	1.1304706097784132	1.164799023452808	1.0800594376501484	1.1014569609025142	1.0260915645461868	1.0743077235522738	1.0677320335110612	1.1267282137424892	1.0943258622710734	1.098754347895193	1.1142441399783967	1.1632127524170366	1.0778206551815572	1.0752982320912707	1.1500601358509013	1.1226147368771053	1.0980670147732718	1.1074060815004438	1.107962284044511	1.1652290696285585	1.1218699704372568	1.1570079662686925	1.1074836484699215	1.142217153759809	1.153030792370718	1.0805311460186677	1.097780039010742	1.1458621527459083	1.1345090326198382	1.1721794259352531	1.1149772810220242	1.1173763848508813	1.1190888458417536	1.0707373002276728	1.0507020333296466	1.0883924051357783	1.0657709781129552	1.088655902851652	1.1308346184335551	1.0987842799537835	1.1557267852234516	1.1369019667393676	1.0986731747461116	1.116989937345625	1.1717464906653017	1.0999529723934391	1.1101348093788213	1.1748931208159608	1.1112005281610542	1.1221978224113216	1.0996413246849484	1.0709913770952688	1.1136395105319548	1.123647572208295	1.0725038764252774	1.1308614005722588	1.124907994204637	1.1129297716501418	1.1251325740015612	1.1165770473528827	1.1501306997951295	1.153779417116208	1.0945855725336147	1.1051780191387572	1.0526790307837621	1.1112798919083682	
7	1.0338151560072044	1.0395599656758276	1.1401349209424507	1.0961157204520346	1.151422555657746	1.1261045347757697	1.195308973110801	1.1299484140250355	1.1300071180735451	1.1397349112522221	1.165456601032782	1.0833583451614803	1.0652480069474894	1.0782348624012648	1.1337533776677424	1.1938771531298829	1.1336799616839444	1.1139415856672477	1.066608264282282	1.1383960954293328	1.1204581874359858	1.1139440883829386	1.172366307152084	1.1434487167842917	1.1518767153139358	1.154209496432126	1.0547080911583464	1.121739214893268	1.09192230186442	1.070395522533186	1.0613011410581412	1.092016472709696	1.1346800943821829	1.0717996467783877	1.1542927740807185	1.151002913661782	1.1425715813374795	1.1203864048767742	1.1621830083803062	1.1812903249748745	1.1058307134622165	1.1564667489650897	1.1506831426949442	1.137422539159295	1.1537881708486077	1.164406684269008	1.1244078592615723	1.1594144264642992	1.145062724228778	1.1109621425833212	1.096813003023567	1.1060659121957968	1.1623759390962813	1.1536063398758352	1.1627384853188996	1.098239942576706	1.0966913157810807	1.0993155014532032	1.0725882574645829	1.1490116639746513	1.0395654578311577	1.0470898356757543	1.1624122471302196	1.0417756975783081	1.1575039100851607	1.1180699021577536	1.1485542675389866	1.0899212725228042	1.1831352615906094	1.147820584630414	1.1404593833379981	1.114016782268948	1.1075220641292463	1.0873309897595986	1.1109380761519088	1.1035957649069326	1.1425583517425115	1.1363830880534216	1.1366309984917782	1.18782441822703	1.1468881071824824	1.064025453126027	1.161213399522061	1.1061595743154942	1.1320218066793253	1.1428153729618604	1.1159173985676165	1.1573637715506295	1.079218147347156	1.1038028113237595	
8	1.0649481696345153	1.0474953767037953	1.1172445762879393	1.1187520436959044	1.1477366864628975	1.1082694896238952	1.1299484140250355	1.1625863905308533	1.1419461970100897	1.112821457240329	1.1589996703736543	1.103510408155644	1.0424258356900817	1.0872853686937556	1.1230191663180245	1.1479050897830037	1.1306560421385823	1.1150482669838373	1.043380231426738	1.1367687138867757	1.1040432458330043	1.1145191511936379	1.1437302089411916	1.1366233546807818	1.119755670025582	1.1461145703687883	1.0966832312526302	1.089885238427757	1.0911508164465533	1.1019798856383412	1.0701462214655313	1.113916333235687	1.1042086515779899	1.1011349116704487	1.1293645068817206	1.1342626406499783	1.0886676872775194	1.1229510954340263	1.159697969535125	1.10929089166474	1.1187787586131996	1.104649551963369	1.113598245625309	1.1055030865923663	1.1265334090202492	1.1514182020994346	1.1122674616699106	1.1077725204391	1.1449858322510535	1.0684836014041768	1.0683045106711748	1.083865751222836	1.1155421005141233	1.1508251217254215	1.1069562136141742	1.0698499192513207	1.1136874698809567	1.0598910844125684	1.0768750060002283	1.1296304821902945	1.0612614316995916	1.092453831046227	1.1612554749701571	1.071179026194773	1.1389774290680288	1.1119583094389716	1.1083511124457652	1.1181865077746234	1.1514280593189685	1.099810059415331	1.0998037400172693	1.0962865749565989	1.077330409190715	1.0675857331176555	1.0682528381379701	1.0610436000998367	1.1052119376967506	1.1224267232311023	1.0723893457862026	1.139073979866116	1.1154351206070339	1.075858583698129	1.125221852530589	1.0882448067038384	1.1174563908558122	1.121935644334582	1.127034038336097	1.1009034292166193	1.0925430459579821	1.1564999727018845	
9	1.0744075479896043	1.0626395446913262	1.1545960856813493	1.1285372128014743	1.1881248331967091	1.1624003273706907	1.1300071180735451	1.1419461970100897	1.224840657090441	1.118789322843107	1.1729588289038204	1.153267060151604	1.0958602873973118	1.1241285694236938	1.1672069916090786	1.16779714744152	1.1477461361142183	1.1495462829209004	1.0852768105833503	1.170840800696324	1.1541209280154863	1.1865727661326961	1.1576911643683319	1.207691819925815	1.163177941281493	1.184541810302767	1.105576181152135	1.094096617597115	1.0402456236652826	1.1121202485719333	1.0552288355750135	1.1369996629531987	1.094291894575192	1.1448599493393867	1.1675325535029712	1.1494926428105645	1.0743620538123364	1.1256391143723175	1.2006264124377115	1.1133879542822998	1.166097003622621	1.1130845938437333	1.134806842605653	1.1460397644957527	1.1612311086827518	1.19501028563596	1.1280865254958283	1.1294071662366088	1.1870720377271815	1.0757090863875671	1.086887422615944	1.1283707302255455	1.1307353562696518	1.2037511613038556	1.10414176108789	1.0941431863911706	1.1037335998610704	1.0708413541340547	1.0513191112162148	1.1066631815737151	1.0507753111855984	1.1076707889137725	1.1541041993670211	1.0931011214868898	1.1929426249554127	1.1374443787582948	1.1308630810204887	1.112351889255582	1.1636571456608904	1.0979877180419604	1.1072045363054408	1.144611577681607	1.1220036849436505	1.1152176529632107	1.0754239081274808	1.0919571111917323	1.1382464109082158	1.1217169212947236	1.0900309253168508	1.156957105295299	1.1389410147757844	1.1328233341708986	1.1237810529748282	1.126861022714002	1.1495102457961588	1.1299425896898423	1.0865793106135089	1.0976055679153607	1.0557942021805378	1.1506479941247822	
10	1.0685334498815136	1.029706210972566	1.0986121354000749	1.1235154345730263	1.1376689156900313	1.1151977859949354	1.1397349112522221	1.112821457240329	1.118789322843107	1.171420096069529	1.1438159820529725	1.1153799962228321	1.0823167678137569	1.1004648336174945	1.1316281846622875	1.1552465949918	1.1224166547687493	1.103665931835648	1.079111976745261	1.110305561265857	1.134807779258149	1.1273194992921824	1.1618502050710373	1.1187594124408353	1.1422624536984354	1.1347690232396654	1.067392493772344	1.0977775952864142	1.0965889147826238	1.0642312598583425	1.0763120710350143	1.0965987687593266	1.1173284682124924	1.0809600265614085	1.1179519194770087	1.1626495857718229	1.1403862374197518	1.0748771816724025	1.1508534842838767	1.1398302009629064	1.1122591892042835	1.119400257600017	1.124711557866149	1.1114017875440079	1.1436763162086174	1.1301064900258475	1.1200978603314498	1.1061683751141032	1.132666385005351	1.1288426128846607	1.1186120294593884	1.1217716592882203	1.126659554899854	1.1318064662791114	1.1392755881446814	1.0916558443289253	1.086347374298876	1.0646307733237172	1.0731073367892265	1.1144025331837177	1.0602870255775292	1.0930018643520683	1.1451453427611669	1.0733233247651124	1.1178911831271174	1.1418918778183438	1.1476607727776262	1.0894513531282706	1.160464034003214	1.1378429599976918	1.1007263413769075	1.1142961838008252	1.1281196157886517	1.0864318349141655	1.1317461207215789	1.0899129578831863	1.1276358008696	1.1318908987894758	1.1055826035646517	1.1657982324711869	1.139896846155854	1.114358175896926	1.1533470439017517	1.0841797180217982	1.1215447452960956	1.151832845196776	1.1059355666835864	1.1184432476419275	1.1067348739679923	1.1088815728210735	
11	1.0562964743430021	1.0569662714789523	1.1156082531571945	1.125088229885692	1.1608541773108352	1.1527267164938677	1.165456601032782	1.1589996703736543	1.1729588289038204	1.1438159820529725	1.2042548915214488	1.1203448920525374	1.088015949115052	1.1181422014230422	1.1266056559629491	1.1864394218358312	1.1441314962941938	1.1374182829991537	1.0793224857108206	1.1658975848964503	1.134012112735784	1.1516502544547769	1.1568518465862874	1.17388042131291	1.1290724390479534	1.1890177430013027	1.0964028618913912	1.0888982074176425	1.073453027106465	1.0937582741569845	1.0901576013649097	1.122841198233824	1.1140388994653396	1.1173802193967508	1.1631435963536756	1.1771308470403294	1.1122678584895842	1.1148384991850804	1.1762550223115997	1.143407783394233	1.12049654931958	1.1444451330306114	1.1543991441820545	1.1642292593475154	1.1326654854347595	1.1725700394148797	1.129897435175573	1.1449598912609915	1.1578982075327298	1.1073332819440305	1.1192403139868403	1.1338654005860598	1.151670950550046	1.1872205081917577	1.1342796390399996	1.100284814247301	1.1299446165124198	1.0771786646860737	1.0559649262872004	1.118920765948397	1.0734912337208884	1.083087019576836	1.1784692540465784	1.0821397863568474	1.1593629652377289	1.1460602845726227	1.1194237331825532	1.128758648643947	1.196947510962544	1.123896230858822	1.142897150846074	1.138620745174863	1.115486361871567	1.1242163473938958	1.1038093987808104	1.0878901801012801	1.1099238612985276	1.152672126107683	1.0935403540725677	1.1631215363945502	1.1534772412289156	1.0973925375421452	1.1574200419398186	1.1222079274689285	1.1541905626820204	1.1651652513445072	1.1234834025660536	1.1191139983138	1.0813279369593813	1.1440348414068198	
12	1.1266965016079373	1.0282315355298595	1.09884219853962	1.1578871934732322	1.1733506984678086	1.128347232443223	1.0833583451614803	1.103510408155644	1.153267060151604	1.1153799962228321	1.1203448920525374	1.211862581297237	1.096980716027269	1.170156993629365	1.1578904980457934	1.1079954737803417	1.1341262264746417	1.148854344130347	1.0854210896798715	1.1143801590574614	1.1214953753475183	1.1373389750184237	1.1402924086977746	1.1280314220386318	1.1350684852701547	1.1333331574704648	1.1118144335138749	1.0831614038616506	1.0761251033127803	1.1409334033740473	1.0563006325749442	1.0968685001664467	1.0927499325019985	1.1203161856958332	1.0865650510338545	1.1576139199865392	1.1154851859328891	1.048087427306411	1.1664042315719847	1.0746689434145582	1.1579968217689656	1.1079680561329457	1.1141741855370353	1.1004399320512022	1.1396116714009334	1.147301070422263	1.1758549963882208	1.086392372101854	1.173875090446422	1.110460511589627	1.0939637273796567	1.1076219225567296	1.1015097344508142	1.1507928345117535	1.1138771110833414	1.1507085426726271	1.0727293978153711	1.0676586225381628	1.0535860502651848	1.0654952515378755	1.096298380908936	1.1293883322305072	1.1215033206293665	1.13583000099308	1.1411415574829633	1.1876642866410372	1.1231475160996225	1.1002059856651358	1.1344295041222545	1.1088762003003878	1.094700339476998	1.1251417090014366	1.0977947120611464	1.1080216732531993	1.1035323334938594	1.1095937703086987	1.1199198467338844	1.134260488409165	1.0587584433866573	1.1142850840902458	1.0841785947685179	1.1765605898967075	1.136786714023273	1.1177857274494278	1.1359976658344413	1.1508475445918362	1.0991137881012303	1.0569456012456753	1.0745084223428099	1.137911001341179	
13	1.07550685968485	1.0440644819449856	1.0647468913944125	1.08186568832019	1.0812724321995666	1.1094077094032633	1.0652480069474894	1.0424258356900817	1.0958602873973118	1.0823167678137569	1.088015949115052	1.096980716027269	1.1352335046071478	1.1025082551977337	1.0822585265887097	1.0817830336137488	1.0500187393241567	1.0787946968501108	1.0873647696187405	1.0593819987094204	1.117444585076819	1.136720004662009	1.0827931518603482	1.0815477879378377	1.087252497085451	1.0996148906242604	1.0628696918992824	1.0592927637959297	1.0277156637542497	1.0470813842000224	1.0808152269390598	1.08409221075693	1.0600782135927869	1.091139486736827	1.0458580182968522	1.1017381681767497	1.0711594268737037	1.003663724142703	1.0871552590033626	1.0743014464733789	1.053455272163468	1.0731808205926603	1.0813658815821316	1.1060395753303607	1.0844760996314147	1.078260917112101	1.0688205441802463	1.0701188271631794	1.0805979062102393	1.0761446001267443	1.1184374741468437	1.1298695054494465	1.0744832249608973	1.0986032142129631	1.07191590479732	1.072544928219753	1.0565166322243642	1.0606238572268254	1.030361915771749	1.0408742018829864	1.068192567431601	1.0874903462894376	1.066756406036089	1.0931230631220057	1.0819075139498853	1.1009332350534664	1.069457558090142	1.0596006659504404	1.085390412573192	1.0758392358344093	1.0722367726788307	1.1148364698531354	1.0947440024078603	1.1196756788539908	1.076316593861745	1.0499663603362515	1.0718895156216675	1.0736603656367907	1.0335837165509807	1.0845612868354801	1.0836622595795324	1.1304651670634174	1.0793830249872542	1.0893213447756172	1.086918027999888	1.0928803826972495	1.033952379496168	1.0590915783906667	1.0313075106009268	1.0518266253456359	
14	1.091559424131922	1.0250102770089728	1.0737810567348272	1.1308950517802103	1.1415783329929288	1.1265799594073693	1.0782348624012648	1.0872853686937556	1.1241285694236938	1.1004648336174945	1.1181422014230422	1.170156993629365	1.1025082551977337	1.1790315808286027	1.1316227749531338	1.1002555223607358	1.1047617149812752	1.1158840556826874	1.0938751906510629	1.091510802555033	1.0863461862035635	1.110887073648023	1.1192728554457734	1.1070970186371893	1.0955380162629558	1.1165267708249746	1.0782465878327427	1.0895370894031835	1.0755129285271445	1.0991417232998546	1.0564475502586055	1.0642050836135573	1.1055344557699582	1.0991097411411406	1.0827886374766602	1.1480018195854313	1.1203874538218253	1.0347451554934297	1.1372990844834798	1.0878899791530177	1.1289169182601158	1.1041151806272276	1.1088267396538685	1.1155979908806992	1.1032896449754999	1.1163765095574143	1.147739067549251	1.0929494523622783	1.141741759606767	1.1197213512818587	1.0908982991897191	1.1242596694260225	1.107767866653751	1.1246190194332695	1.1269569803864865	1.1513882743257597	1.076121384108226	1.0732045384145286	1.0602616744306619	1.0430431592954836	1.1074063163054297	1.0973743180722004	1.118775497310899	1.1462463958126035	1.1116334548983156	1.1648011460468353	1.1064272232685926	1.1141159245231844	1.125347720240183	1.1222288766937711	1.1070002690055367	1.1234433273588929	1.0939505479056266	1.1237398098126348	1.112793661466797	1.1171897876937182	1.084253270616273	1.1476997189128786	1.0696908270456538	1.0884609511645125	1.076516624319807	1.153679117570553	1.1431717934655936	1.1246410050961677	1.1489109999983196	1.151549943708759	1.1009637695168009	1.070393632637773	1.0708857681232733	1.110721030483683	
15	1.0744619319543305	1.0204124940996753	1.1699666146077234	1.1187052662567103	1.1957422082306919	1.1215102793359082	1.1337533776677424	1.1230191663180245	1.1672069916090786	1.1316281846622875	1.1266056559629491	1.1578904980457934	1.0822585265887097	1.1316227749531338	1.2153765135973171	1.1595286796808044	1.1423834556368408	1.1379692151909857	1.0913756198903313	1.1224258730265868	1.1272640396734157	1.1453701577426345	1.2014025598830338	1.1417688301958744	1.199368897453916	1.1298013580035942	1.070457217534234	1.1467425653364882	1.1047650616046392	1.1065914417480074	1.0289402707473836	1.0902720188422854	1.1457522461555203	1.0990701093425423	1.1284187484714983	1.1319827088414733	1.1451805359782872	1.1008254866577991	1.2051776293612737	1.1491806401329379	1.1805202061668782	1.1195488122979134	1.1294552848155028	1.0999331307322375	1.2042462340156195	1.176989275023131	1.147492199669905	1.1267867498104018	1.1915451178876635	1.1014260548592267	1.069142547178295	1.1148506868456993	1.142519876795086	1.1523946598597183	1.1598436793523494	1.119182571944224	1.06292624728156	1.099699795138136	1.1100253573950702	1.1310762596092125	1.0461703573539822	1.1121168269631885	1.1480081326048044	1.0958960741514607	1.1809587873096585	1.1329203320649723	1.1837687503123082	1.1018572932868682	1.134698705906875	1.1633134865410821	1.1034127847508794	1.1127719358751402	1.1030949179796636	1.0860987591939173	1.1069522309593935	1.1244173203592123	1.1802003729044894	1.1436729988016145	1.1278229008740368	1.1787225960168282	1.1161825578687803	1.149196249830529	1.1579611967410832	1.1271997348491278	1.1517975425856433	1.1235381079941427	1.0977004267016406	1.130089596424429	1.0848820178088356	1.1403025708853978	
16	1.044993129476374	1.036933310080349	1.1532863913470994	1.1138805649222687	1.1653698350533768	1.1401309721270103	1.1938771531298829	1.1479050897830037	1.16779714744152	1.1552465949918	1.1864394218358312	1.1079954737803417	1.0817830336137488	1.1002555223607358	1.1595286796808044	1.2189828021388942	1.1467900078523452	1.1380298662452888	1.083516627178538	1.1533302727243757	1.1294576995248264	1.1376737979901215	1.1906681011397047	1.1697502528211692	1.171440851454174	1.1654726611472137	1.0792126249593013	1.12428745515686	1.1021013775909467	1.0932603629098938	1.0767369614728353	1.105606471235484	1.146737604224853	1.1060132474323332	1.181777738013616	1.1630658140350991	1.1494768947672778	1.1342519699906501	1.1905150119606127	1.1795185187148567	1.1395411634983976	1.1642149843793086	1.1768632270737223	1.1419348935056286	1.1722335902562206	1.1755866799017245	1.1330951422904196	1.1616710855145487	1.1582096336189127	1.1162833586951657	1.1111241818809006	1.1202756264803495	1.1724572302133702	1.1693017562315713	1.1627579885683632	1.102911641297574	1.113249049278121	1.110267562184343	1.0830534262090403	1.1508876799874073	1.0563893808664941	1.066864704527321	1.1866883954961005	1.0656496155495698	1.1701125428677945	1.1330072189454978	1.1614789761691504	1.108304611231021	1.1930333828266886	1.156902705495064	1.1453933090599973	1.1220267878067458	1.1233888182394856	1.1044895104584762	1.1120131259302037	1.1261023336670943	1.1448794549834356	1.1510892523888645	1.140508890593886	1.2070636899857492	1.1562597248124211	1.0848052958364367	1.1784971209633113	1.126712185223015	1.15164796002219	1.1524698059935514	1.1252942023153356	1.1592743880027154	1.0847356831896557	1.1258917084598485	
17	1.0463680222605438	1.0374226539114324	1.1026051009761668	1.1135322337240225	1.1613757462329088	1.1086859480010025	1.1336799616839444	1.1306560421385823	1.1477461361142183	1.1224166547687493	1.1441314962941938	1.1341262264746417	1.0500187393241567	1.1047617149812752	1.1423834556368408	1.1467900078523452	1.169869031258338	1.1225071108408347	1.048654294449906	1.1581135959739906	1.1036137672725135	1.1127527817355947	1.1553498568516165	1.145271641438859	1.1332421342216306	1.1403658371177627	1.0692122357117473	1.085413778882625	1.0683980503080936	1.0816487334422256	1.032353779373088	1.078715121753119	1.0973299459718437	1.0834729378200039	1.153090475872626	1.144491118625026	1.1115247497021084	1.1124742181971692	1.1677910985631468	1.105113009949888	1.1530191228534294	1.11035039843249	1.1206573659892634	1.0967766341446636	1.1425871240419707	1.156885280174979	1.1385972084561504	1.1004329018476289	1.1595197751352608	1.0772429239337304	1.0674306824538717	1.0839380089064765	1.1233531791239881	1.1474682201491875	1.1184322609257658	1.0899908179433544	1.0727244701730165	1.054340807395621	1.0504359365517317	1.098437891711611	1.0340334499603803	1.0794175479108314	1.143246043605184	1.0633947103231203	1.1410447927338532	1.1323527925088281	1.1299608197352347	1.0852103016370713	1.1523072904756144	1.1108300088016152	1.092666042624803	1.1025691119626635	1.1084551748383262	1.066852682550817	1.0840831800357662	1.0998949481948361	1.1248207554876617	1.1273250199757678	1.1100283260734372	1.1422650505058742	1.1018198124414162	1.0986164817870925	1.1398252943794476	1.0926624723182023	1.122541622487523	1.1323292787258261	1.0992242458187511	1.081961909677527	1.0648936439601262	1.1319981724302082	
18	1.0733652650951333	1.0123458155151284	1.1094986931826571	1.1112034402060118	1.155173345754041	1.1081013005186455	1.1139415856672477	1.1150482669838373	1.1495462829209004	1.103665931835648	1.1374182829991537	1.148854344130347	1.0787946968501108	1.1158840556826874	1.1379692151909857	1.1380298662452888	1.1225071108408347	1.1574000742083692	1.0802211254408145	1.123189351333143	1.1041883999999107	1.1218535181379188	1.1406694026926414	1.1326531429008753	1.1303884510122517	1.1371208402637452	1.1033366292603908	1.0712100457616112	1.0670874813187496	1.1285100070223355	1.0545131418684202	1.0895507161920581	1.0812484103404423	1.1135863396853352	1.10412881068478	1.1293178203447276	1.1000869811500096	1.072071318390274	1.1615840649162468	1.0891690227295037	1.1310045773682018	1.132987487439093	1.139330684728769	1.0940019386518194	1.135994436495656	1.1509671810856583	1.1459876020485618	1.099687880819868	1.1529512291753354	1.088639304567423	1.090642010218867	1.0750904413190183	1.103719965647223	1.1517612402716602	1.1024692873873472	1.1038720353466747	1.06432342517625	1.0764440193035967	1.040340744164761	1.0922468202661735	1.0536578857662369	1.0832107125334678	1.1260780213109	1.0764816744816694	1.1475898428557376	1.14046364991675	1.1131251528159298	1.0801623198660844	1.1350117343647508	1.096326676771335	1.1141501173823622	1.0940568205445198	1.0693687296004146	1.0949992989944557	1.073109036395769	1.0845146159111625	1.1126885653937295	1.1137616294646326	1.055175158688879	1.133274904075827	1.100211630089082	1.110564734085945	1.1234797872214621	1.1215639202561012	1.1132566853403254	1.1188021916649122	1.0864608496398687	1.0670765032527985	1.0567026575502139	1.1248242272048905	
19	1.0374652304700032	1.0009105480491463	1.0707301443336952	1.0549513235897838	1.086150968168465	1.0828461330220942	1.066608264282282	1.043380231426738	1.0852768105833503	1.079111976745261	1.0793224857108206	1.0854210896798715	1.0873647696187405	1.0938751906510629	1.0913756198903313	1.083516627178538	1.048654294449906	1.0802211254408145	1.0980404308242986	1.0545741439409742	1.0739975049884762	1.0928040794298346	1.0905158163816853	1.0687320551109611	1.0878624532967178	1.0782160839358308	1.0397255251313173	1.066399308775839	1.039673264984673	1.0543112835406867	1.0344032475562923	1.0399124018366697	1.0686068298551616	1.0626458511602186	1.0492293354021849	1.0777099952740696	1.0782914310116367	1.0090220797901264	1.093261357041445	1.0802758239406132	1.0621791233404239	1.079397828337788	1.0818942211677145	1.0792745606216194	1.0864720144755036	1.0813732384720955	1.0741958496841817	1.070876788487628	1.084289246579716	1.085796567042129	1.0758647257538636	1.0873350322424038	1.0760159139007794	1.0851064788380844	1.081593818792291	1.0760387914867457	1.0335199393341734	1.0621180871519482	1.0376490906505194	1.0416934225562844	1.0395745803178804	1.044309725900458	1.070950261543239	1.0690793295664154	1.0866874734494176	1.081724536776968	1.0783849764127116	1.0508129408148483	1.076140398801505	1.085060225832717	1.0753965901570957	1.0778872359886726	1.0514584178272488	1.0876338614536856	1.075852690665205	1.059848213904277	1.0732597494719176	1.0790633558646592	1.0415707393951723	1.0850167220030231	1.0788230194470023	1.0932105184870906	1.0837054587326942	1.092516482438252	1.087983529883415	1.0751537741132935	1.0335139535701838	1.0649198511400846	1.0359635198338448	1.049171000740412	
20	1.0362500656558795	1.0549951370730586	1.111034309101586	1.0973948689999569	1.1539760092994689	1.1231050282755184	1.1383960954293328	1.1367687138867757	1.170840800696324	1.110305561265857	1.1658975848964503	1.1143801590574614	1.0593819987094204	1.091510802555033	1.1224258730265868	1.1533302727243757	1.1581135959739906	1.123189351333143	1.0545741439409742	1.1788875134099892	1.1160266387574351	1.1377530957732414	1.1401406313081226	1.1688956422574592	1.1246950699559122	1.1653095505124882	1.0765295151790168	1.0711257513577548	1.040260958088037	1.081099705873715	1.0414739376608628	1.0969870413432004	1.0783679034092966	1.0997242042167772	1.1647784678686641	1.1346457662200398	1.0763002382348374	1.1196880646126268	1.1649584564205553	1.1020657211792508	1.1302816491153316	1.106897364033752	1.1202488672583468	1.1216669009532154	1.1282456494571371	1.1686117371858977	1.1159903566190577	1.10791865057854	1.1529960163817745	1.064411535824352	1.073712008517363	1.0920458929146641	1.1204728468345555	1.1711375307225858	1.0944037945464526	1.068480195169684	1.0861488379240058	1.0500535780740168	1.0310501610003284	1.0953845099564383	1.025465636776539	1.0657101069717716	1.1429931495036987	1.0532194136971764	1.1552097982171723	1.1141843535681095	1.104808552632543	1.0834573889138874	1.1567790781223315	1.0854286232032067	1.0983573228374859	1.1122749000885002	1.0993470054302585	1.0824204806273754	1.061168297615942	1.0731117124540903	1.1113915544697281	1.1102266011689323	1.0891764862862139	1.1394563196342227	1.1193196764861844	1.0850282644370521	1.1146484540549317	1.0987738312077522	1.1180224481577599	1.11675025734271	1.0791248189124598	1.0800506580876734	1.0455707202302695	1.1279260555655606	
21	1.1150726413237915	1.083770222152255	1.1287693618734023	1.1305365436063557	1.1485334837989043	1.1472444624321887	1.1204581874359858	1.1040432458330043	1.1541209280154863	1.134807779258149	1.134012112735784	1.1214953753475183	1.117444585076819	1.0863461862035635	1.1272640396734157	1.1294576995248264	1.1036137672725135	1.1041883999999107	1.0739975049884762	1.1160266387574351	1.2036812450771932	1.1976928722183837	1.1387986448247673	1.1503172756059987	1.1549198068118585	1.1672944540788084	1.0903236154712281	1.0870787202711436	1.0431430484788253	1.075545963254594	1.085406713757352	1.1668699844891013	1.070579120128917	1.1097911201897095	1.0923147577378585	1.1499122737794012	1.0743504611049057	1.0738913640612782	1.1488714446442383	1.1144568028230897	1.0949177392582907	1.089488033174168	1.088477092973722	1.133220683950455	1.1485655668432315	1.1536957201097546	1.1013298969552	1.1013717487549453	1.1468096098480438	1.085777649968911	1.1264704579154754	1.1439042178977084	1.0964101798085277	1.170228349963757	1.0928075168702978	1.06718796671454	1.0846185586416899	1.041315236452379	1.0482124701285227	1.1202865158695092	1.051548503602246	1.1373659552233637	1.109563646974176	1.075690139407144	1.149784441942846	1.1339828345818281	1.1254500985447948	1.075624262787086	1.1441797964303912	1.084920374798565	1.0737610385245602	1.1520554478034295	1.1413754413305266	1.0959211075746984	1.0936836898847968	1.0359512010604244	1.1458028777494245	1.0817997539741062	1.062559258285883	1.1524131344366217	1.1522471731806965	1.150936067154575	1.0927429107344793	1.0728726406357818	1.0968846967497463	1.123706703267834	1.066017300037315	1.0951280718211889	1.0741041341341422	1.1119099874101037	
22	1.1097430556657042	1.080864492778255	1.1412445907913897	1.1268272915250142	1.1592562092383254	1.1535089434916403	1.1139440883829386	1.1145191511936379	1.1865727661326961	1.1273194992921824	1.1516502544547769	1.1373389750184237	1.136720004662009	1.110887073648023	1.1453701577426345	1.1376737979901215	1.1127527817355947	1.1218535181379188	1.0928040794298346	1.1377530957732414	1.1976928722183837	1.2256453780048808	1.1490857176001767	1.1654708077986686	1.1614285099752566	1.1790178488886716	1.1030577813890472	1.0908505288478931	1.0422157085017478	1.0853411282654115	1.087455366569489	1.1623926214063347	1.0825041615461497	1.1383356360138697	1.1077325403566884	1.1421752221738597	1.0725477755287274	1.0716252961130324	1.169379747613831	1.111741063464956	1.1112563504894468	1.087846046963602	1.0992548576829755	1.1484446415351612	1.1582626279200579	1.1666233325106652	1.1010517034724858	1.1048904890244586	1.1584920779814016	1.080758616515686	1.1279481880105875	1.1653289448134483	1.108541279762246	1.1865378431750253	1.0904068625969268	1.06762832511233	1.0939385105022532	1.0575438310582568	1.0550610855880815	1.1072952737449278	1.062852058028285	1.1455935819277587	1.1238845928908092	1.100312925441139	1.1658623144968985	1.1294334621646593	1.120216000166973	1.0919624150833502	1.1379233414237042	1.0923900002294065	1.0799669876177598	1.1559035780517448	1.1342004227232048	1.1244152058670576	1.0833395509594603	1.045140710497087	1.142978488802164	1.0947622593560173	1.0575323268527874	1.1511281800480817	1.1491710720806154	1.1733936553869386	1.0978563947666324	1.099046577713486	1.1195553302659098	1.115533412286255	1.058574881121896	1.0953630156336256	1.0628445549575718	1.1262676835847605	
23	1.0757205890180743	1.0229949347831016	1.171750972384279	1.131582407372524	1.1930321205845658	1.1201842944790774	1.172366307152084	1.1437302089411916	1.1576911643683319	1.1618502050710373	1.1568518465862874	1.1402924086977746	1.0827931518603482	1.1192728554457734	1.2014025598830338	1.1906681011397047	1.1553498568516165	1.1406694026926414	1.0905158163816853	1.1401406313081226	1.1387986448247673	1.1490857176001767	1.221840721270931	1.1456052846900513	1.1993655639070728	1.1509795107559737	1.0797108724095383	1.1537606608578401	1.1337881119062458	1.099820149652286	1.0585014302966331	1.1001222612033486	1.1614698058918276	1.1048853966038081	1.1476601067724885	1.1556442399510265	1.169654844432542	1.1133489298904746	1.2086036293804359	1.17478467198728	1.1643356323776852	1.1466594492150481	1.1520022103416538	1.112032636450303	1.2069063468093153	1.1833383890690718	1.1541530601041834	1.1342944716787942	1.186100516535982	1.1243412672144384	1.0982150617823372	1.1195040002880934	1.156473883229842	1.1621744248052703	1.1766725962506144	1.107590554076205	1.0807140374523558	1.1058707848287992	1.1154044024343825	1.157785561643107	1.0523604065111305	1.1058348480812705	1.180075690585535	1.0886586070329707	1.1784790446126658	1.1438645745249398	1.1958569462178736	1.0990654099636699	1.1653876425478709	1.1764147058039582	1.1218009937528022	1.113937757478058	1.118897766100841	1.0873864070897301	1.1216371248487904	1.1190123131817282	1.1824510521176688	1.1527873931449666	1.1403356416845247	1.207517054204557	1.1455644457290513	1.1356205979803742	1.1779711679630651	1.1229617131689003	1.1470069250786046	1.1421920254258655	1.1221782943035001	1.1565880890669953	1.11066067972537	1.1435140059432782	
