C:32.0 gamma:0.01 degree:4 alpha:0.1 z:0.0a:1.0	1	2	3	4	5	6	7	8	9	10	11	12	13	14	15	16	17	18	19	20	21	22	23	24	25	26	27	28	29	30	31	32	33	34	35	36	37	38	39	40	41	42	43	44	45	46	47	48	49	50	51	52	53	54	55	56	57	58	59	60	61	62	63	64	65	66	67	68	69	70	71	72	73	74	75	76	77	78	79	80	81	82	83	84	85	86	87	88	89	90	
1	1.201646595438291	1.1304141017600213	1.047456106413999	1.1125568071683352	1.0493345106586254	1.0444912074696016	1.156417028179752	1.0376299563599327	1.0332258904795364	1.0829725327390518	1.1094616752795718	1.0107937756215781	1.0295061478632408	0.9696338704949187	1.0673063191245993	1.0280331929042141	1.0237641031265303	1.0703118811803538	0.9924382112575815	1.004222432409204	1.072161248269257	0.9832096557873257	1.1001595797461623	1.0434886826000902	1.0958036568089715	1.0941408343951347	1.0868589247071394	1.1126674242559613	1.04425079332704	1.0764736263454375	1.1466064425210805	1.13503854624385	1.0567780099554023	1.0664699478375061	0.9883829700389392	1.0330656990047162	1.1479704925379073	1.026709050717256	1.0789130511090157	1.1037538041343031	1.1061605356127218	0.9947187043937329	1.0484539201859169	0.9520191580227545	1.1156628650180889	1.0788900636002028	1.0575852942813395	1.161125101852791	1.0784759567737139	1.0412703557973053	1.0450559799736994	1.0715857597799345	1.0311370304844976	1.080748553810109	1.055140059414218	1.0898378068357464	1.0503197142757268	1.0714239292722105	1.1397966369280508	1.050323414828449	1.1091146912447851	1.188735419671709	1.0633371503661417	1.011730266089558	1.1065048629941765	1.0322097101055137	1.1315701199006212	0.9819783043515667	1.078858866787028	1.094391801390131	1.1099222057176377	1.0799819344440855	1.0418298267127333	0.9787100612382607	1.0545145447948912	1.0576716868646217	1.1092036196016808	1.1685228289195366	1.0793044724206982	1.0414958916442987	1.0301271419747415	1.0811927238768906	1.0601354006410957	1.1397261706987252	1.1172940147768537	1.0941408343951347	1.0576861133860558	1.0606263486870053	1.1313605353905594	1.1019315565239018	
2	1.1304141017600213	1.1900707751658228	1.0799919217655394	1.056598736005072	1.07085686369839	1.0898967984210417	1.1183203634563044	1.081669280866907	1.102795716575529	1.04055389475668	1.0954882169735607	1.0888155274525213	1.0653501421309879	1.0334048544783934	1.052125416812363	1.1047532127661868	0.9809390478509727	1.1008221534719584	1.0637073077838797	1.077928727942379	1.1454514470594928	1.0289159951460152	1.1648042120774187	1.0396423441341547	1.125355076680119	1.030017242694404	1.07692588010049	1.0467095331711693	1.0603026123976704	1.1163125272129357	1.158387684371875	1.1918465865977363	1.0752547597442348	1.005831839899038	0.9392127392963577	1.0213081219006286	1.1101520880169475	1.061516458253431	1.154730257175646	1.0387155817317946	1.0994880899207204	1.051367321654441	1.1143397246742	0.9735903094203308	1.0847777244665004	1.1594054279674357	1.0746971827724707	1.1612778563136485	1.153142944634445	1.1135663049033375	1.115311039905014	1.0784868409056898	1.0852027028331077	1.1005883545321629	1.0338741604089117	1.0618375182253177	1.112454856433374	1.0989579060671528	1.1573171497303352	1.103729167996722	1.158950048078338	1.1315627183378048	1.0647355170456314	0.9542045859668761	1.109529700773276	1.081105046852167	1.1090237326835295	1.0351098569381123	1.1464363530660502	1.0515258853759621	1.0959429471185487	1.0814811049500612	1.0781028906610792	1.0123289727999887	1.0859641181760038	1.1368415456480252	1.1067647327861034	1.153849960064804	1.1635514008973145	1.1089083690177668	1.096359458988385	1.066773616066549	1.1237368056484027	1.0844956880389358	1.0874350234054946	1.030017242694404	1.1166766023715085	1.0927062198047175	1.1132975546832473	1.1579614268335705	
3	1.047456106413999	1.0799919217655394	1.1918762754823222	1.035416206320601	1.0945573096725207	1.1025634676293927	1.0968875073616027	1.1253085194343306	1.0509365085047773	1.0811719604061933	0.9892585451401398	1.0306548444555261	0.982710179479098	1.05834285923275	1.0076033208981217	1.0227092200837473	1.0315333607869508	1.0602155283009569	1.0325832118910225	1.0545872578360327	1.0945908889916773	1.0474216037809936	1.0950342546765128	1.095153390633415	1.0905360085395963	1.0694113332039887	1.0318149880041834	1.047456106413999	1.0737637839084855	0.996977617945437	1.066602083574442	1.0710069776342044	1.131014226909012	1.0165034438445004	1.0206372750157475	1.0398376957980202	1.0110014855080156	1.1049818172620025	1.0686893941587445	1.1404240854589986	0.9921431877521061	1.0020929899367415	1.052717186377751	1.0036022458735474	1.0404125793079695	1.0501395381818248	1.0492518764407048	1.0526193469251686	1.0080627650842735	0.9844577707336672	1.0010704723887172	1.0460922658912655	1.023540771170226	1.0446565604250864	1.0091823188329012	1.1581005406902398	1.037228393132045	1.077978213730802	1.0344737463456672	0.9957627834353417	1.1308746262253464	1.03922815380074	1.0943595619388102	1.0149593060797404	1.023312600619677	1.025398394841097	1.03591546462924	1.078628113001022	1.0610017041640831	1.151953853675094	0.9763978282369425	1.0106739893970433	0.9976766046874911	0.9929935099756244	1.0388160411492042	1.0325192050496474	1.0683019688886424	1.033344594417773	1.0312553793575934	1.0844142131699985	1.047326191063237	1.0370050291165553	1.0182796552831277	1.0496451520688055	1.0118881547155207	1.0694113332039887	0.9886802299861168	1.0720504056701499	1.0275156199846593	1.0332065799351424	
4	1.1125568071683352	1.056598736005072	1.035416206320601	1.2191618718730521	0.972567067190793	1.0137477233857617	1.0734669830130115	1.046354386030701	0.9871550590870655	1.073582750073428	1.0435627415730768	0.9492753912481046	0.9704328599354836	0.9772258221972617	0.9989083707046644	0.963527993445698	1.03891091573309	1.0007567164037239	0.9317428379542203	0.93283429025563	0.9979961361721021	0.9508843274308987	1.0212064340080702	0.9952063496722559	1.0089648221419305	1.0873837407141937	1.0057899849109844	1.1125568071683352	1.0563259196870927	1.0083017748854348	1.0755217539836452	1.063923129906093	1.0664460518258545	1.1579419390783785	1.0045419317591964	0.9991759468496979	1.0799146241276063	1.0358302766122864	1.0174627670703953	1.0854415314008081	1.0409139283287625	0.9491092984468311	0.9869892298075315	0.9725277920316808	1.0432107285808163	1.0147694369230098	1.0704623176144676	1.0949830877462134	1.0316138859031083	0.9869662332632715	0.9909114900458208	1.0406201532271557	0.9708849806685406	1.0493351205465171	1.0640908811908998	1.0784137423220466	0.9950896707807866	1.0806207318393688	1.082754784222154	0.9899033503104941	1.023235650561147	1.103947195700837	1.0598827039469552	1.1093357488824902	1.0439378004765727	1.0124825604895633	1.0587384602663577	1.0086202167192053	1.0166599252079185	1.0777298880266362	1.0496604540293233	1.0284467301264826	0.99675143152425	1.0027807567149727	1.0065727886708278	1.0068780923233789	1.1274518918701801	1.1070067960959766	1.0277883232944858	0.9665146121235192	0.9583904854207597	1.0485715154118023	0.9992487252097029	1.1075905953829244	1.0442716781100017	1.0873837407141937	0.9967602928597824	1.0745973256383947	1.0739928961245804	1.0374137083015504	
5	1.0493345106586254	1.07085686369839	1.0945573096725207	0.972567067190793	1.197780661315728	1.109701150823153	1.1066268018479462	1.0876672167452968	1.0938128712622945	0.9928983481020854	1.038430728002244	1.0968633906703662	1.0572332908225666	1.0377415212929355	1.0850545954810324	1.070909568233811	0.9937053666321312	1.0791739799851805	1.1034171601125307	1.0958791398214167	1.1169052588720003	1.0688829183881352	1.086476582418513	1.0426993245245293	1.07863750622398	0.9941184680917442	1.0776232635404595	0.9716336996166197	1.0251449239769517	1.0272136074237346	1.0521261833440394	1.0626091452629896	1.0417472112499726	0.9562283174666502	1.0502956142233195	1.0590561955988453	1.0199781956331748	1.0927647213087757	1.1118977758737771	1.0520128334214849	1.039965772626701	1.0714131457383984	1.126889308326877	0.9917826711965902	1.123716501300522	1.0996326789030617	0.9979836507134962	1.0780258429647245	1.0776356935317584	1.0232439353972116	1.0214858933333362	1.0766902572087755	1.0164722112358306	0.9898583930812458	0.9329684676535356	1.0686097775216064	1.069310746949179	0.9813216434356973	1.066614231401103	1.0229261891669716	1.1071029955633878	1.0535340219939942	1.0115399900395656	0.9547757417123085	1.1241202814493612	1.0311602121009031	1.0420930973532054	1.0872241403149203	1.1050578182211435	1.0579011667802776	1.0249307550355953	1.093480507051436	1.073334683995584	0.9791015369629633	1.108088744755203	1.081360120353117	1.0201484430490175	1.0612227180456346	1.1012650290430985	1.1279235355679114	1.0690619546535098	1.0719343703413702	1.0101872256144806	1.009374095342591	1.0116988209319022	0.9941184680917442	1.0198306670517545	0.9749608675319272	1.0666813038696012	1.0613914147193304	
6	1.0444912074696016	1.0898967984210417	1.1025634676293927	1.0137477233857617	1.109701150823153	1.1177068156750134	1.090863093026736	1.0966421528702133	1.0787907181614225	1.018357131009269	1.032038019899056	1.0759760739921425	1.0391869722953098	1.0549535384508422	1.0493957398162153	1.0623113465977045	0.9968992829400183	1.0732962576228322	1.0741211810998257	1.0711086870202056	1.1094735248509153	1.070482033586091	1.094379568055005	1.056804340064571	1.0736721833227585	1.0170661818822595	1.051174792132079	1.0050764449235787	1.0596199776516626	1.0257033798855606	1.060430400352715	1.0837790653913726	1.0575916724299959	0.9873476190197251	0.9981394025763574	1.0541195259155027	1.0275801242936853	1.087651009020816	1.112047069885223	1.0570677652190026	1.0350474059326618	1.0400177322681765	1.1046524203772587	0.9945163524976152	1.0835658296598398	1.0979349507597325	1.039624632829858	1.086097860009993	1.0811061469445893	1.028864062655105	1.031128303363508	1.0864174510821134	1.017546027145114	1.0388754854749227	0.9756429992065434	1.0838815149973946	1.0592792149107138	1.0371864475580976	1.0742554132489566	1.018637047343856	1.106397688042088	1.0487591757212509	1.035455162629792	0.9662042841108306	1.0696172418952938	1.0594710392638973	1.045001056540707	1.068287695722434	1.1040474834951297	1.0677547951380306	1.0218296376897522	1.057702187629415	1.049461889163878	0.9997440221841577	1.0755527340701874	1.0749269229473137	1.0618340288071846	1.0695684550791698	1.1025065705469577	1.1014029189371832	1.0615661911255392	1.0769799158511761	1.026209372161333	1.0379099257151005	1.006235557900551	1.0170661818822595	1.0294012680770783	1.0299155458251879	1.0561282634853084	1.0613609374276562	
7	1.156417028179752	1.1183203634563044	1.0968875073616027	1.0734669830130115	1.1066268018479462	1.090863093026736	1.1902883559238007	1.0638750177467922	1.080336813090809	1.0687358775426794	1.0869555223282763	1.0562767373466233	1.046583692874439	1.0020398026964112	1.0956583906045607	1.0494104222908096	1.0333426158205106	1.1165634633786221	1.0583253638473364	1.0613188521826937	1.1139718087588626	1.0358390414483458	1.1171023770014774	1.0913605628153578	1.119633335925878	1.0825944443046065	1.1007685763572246	1.0707870025972002	1.0628542233879625	1.0392466615717337	1.1227160600722845	1.1138433669420493	1.0608784383584422	1.050085819878004	1.0016190562538254	1.0640927718566766	1.1212375453383567	1.0483309953951196	1.1117654096070513	1.1239542902600048	1.0856086155260063	1.0331472007276075	1.0941410718679814	0.9692847159546047	1.1411468441193267	1.084601406183549	1.0386436120423697	1.1497941271063343	1.0667930870790479	1.0217482234854727	1.0359661802802942	1.0771928754602842	1.042516119205989	1.0582882125656174	1.0083059325047758	1.129064848484541	1.0639284581868886	1.0467287035816697	1.1197905785251383	1.0235927713218393	1.1470018001930706	1.1460935725542405	1.0491090661742313	1.0275989917892254	1.0784302977467721	1.0316254379525855	1.1307258775255302	1.0050676718253104	1.108640459211845	1.1205772741545823	1.0762039248071642	1.0867562526830978	1.0569317445022726	0.9674638043286434	1.0926645715111178	1.0617591388630436	1.073007500131133	1.1413807943399186	1.0824415276774222	1.0967638164547024	1.0683460163943483	1.0811998787228851	1.0467710624001576	1.1031891910809466	1.0853032356996188	1.0825944443046065	1.03597278445778	1.0365283731871675	1.122704323681384	1.0665245154269256	
8	1.0376299563599327	1.081669280866907	1.1253085194343306	1.046354386030701	1.0876672167452968	1.0966421528702133	1.0638750177467922	1.163859157329685	1.0522090269761912	1.0376835035022032	1.0085236815838028	1.039712125729137	1.0341904187466202	1.072363319898206	1.0039890301783745	1.0393871271287838	0.9950740071309984	1.0384359185661864	1.0395617284021514	1.03069818625715	1.0812199182955506	1.0216600686929933	1.0852349699196298	1.0307422402762962	1.0731919899085043	1.0378011066215849	1.050778870817599	1.0376299563599327	1.0683468566855776	1.004989840620648	1.0511365935570987	1.077512103215422	1.0909831423066245	1.0114878605038071	1.0228976567994974	1.030365770944089	1.0229969165273762	1.1589699049338085	1.0923324114814783	1.062668454123994	1.0113804938268747	0.9943774279505163	1.0820850295832758	1.0212542807238196	1.0373357924077897	1.0807986712416553	1.0583411658539263	1.0678897701109158	1.0787020572214594	1.0246665610236658	1.0244247418511199	1.0499182056820493	1.0110196483660023	1.0439497405959404	1.0446600956531833	1.0876375780590193	1.045476519734846	1.074254596872399	1.0556654319603755	0.9960703714176197	1.084474372252616	1.0346802791955043	1.0757562921299673	0.9742070519151905	1.0784206192251207	1.0590377847544572	1.0324842393805447	1.127589474576613	1.0905758254123112	1.0719298819420287	1.0020377468284312	1.0151049673183303	1.0420304099595883	1.038420360351412	1.0269448913315569	1.0535647600579934	1.0841428053035767	1.0552056625322805	1.0872177584218354	1.06998137189907	1.0401335869885586	1.041059046242434	1.0259036428906727	1.0379043670911465	1.029050041524592	1.0378011066215849	1.0335632460740256	1.0667770607794047	1.0285931448443568	1.0413279546193557	
9	1.0332258904795364	1.102795716575529	1.0509365085047773	0.9871550590870655	1.0938128712622945	1.0787907181614225	1.080336813090809	1.0522090269761912	1.204904318015671	0.9661159006719501	1.040794772363267	1.1065679218030746	1.0789335332997707	1.0508097957086098	1.0595834542324583	1.0902302582307029	1.0408904119224305	1.0813901631195297	1.1185914966466117	1.1054009533453533	1.1356180606446935	1.0582065957075542	1.1123074403982327	1.0145912864863222	1.0980688807746857	0.9647433920924899	1.0896772153575622	0.9567178857733265	1.0247656791487563	1.0472674702425564	1.1016146119370873	1.1033509340058825	1.071388166683069	0.9412245559635346	1.0124681085397211	1.0086894341656867	1.0270504335189523	1.045477952971764	1.141188350550181	1.0100033918109002	1.0445507980794095	1.150307957305515	1.146188886523371	1.0785308689897783	1.0928524539976436	1.1275932558524016	1.0098778920582385	1.0918678624219509	1.1414965584049803	1.0931606066144186	1.1044795816590856	1.0584656015931775	1.1143500922473848	1.004172769250454	0.9922709594070961	1.039688525258261	1.1710408284346898	1.0043786936566348	1.1162444069033257	1.0795852432054995	1.1085084275069472	1.044964271112795	0.9739409334563088	1.0000983747135628	1.0654537997386277	1.025698497612992	1.0342952934274277	1.1020867901666955	1.1366223157442756	1.0216620160631815	1.0479876716658518	1.1474071796214695	1.171251562983022	1.0584158773241574	1.1832036490856643	1.1688895338518641	1.0464257153376728	1.0918534080361297	1.1390009788510826	1.143352875380184	1.090295952773298	1.0471038639488386	1.091554825762729	1.0299011167946053	1.0918727722364832	0.9647433920924899	1.0720166121099344	1.0199617575849607	1.122367934350758	1.1103334455055278	
10	1.0829725327390518	1.04055389475668	1.0811719604061933	1.073582750073428	0.9928983481020854	1.018357131009269	1.0687358775426794	1.0376835035022032	0.9661159006719501	1.1663624663446077	1.0836901807626749	1.0300136910950248	1.0247017756865315	1.0667398388723044	1.0681923893864225	1.0385276438364057	1.1012650445866747	1.0805855006823808	1.018634178661741	1.038605761930732	1.0136292057723169	1.0506343910706888	1.029618279095081	1.107726091250807	1.0298975361590128	1.1688079942645329	1.0093135013587207	1.169577025937715	1.1248184189374832	1.0665653064823577	1.0453101981566377	1.0393927538900083	1.0598187744815049	1.1255891441721722	1.0583790358201464	1.076488453705346	1.1098530755161213	1.024207132635701	1.0037698175928063	1.1205238073765662	1.0818825159851329	1.0058340838156918	0.9828745563399226	1.032314513989739	1.0310836243663848	0.9999404627336861	1.1255195492037882	1.0507572783207435	0.9789690769024937	1.028425266218224	1.0352616916991344	1.0294154721479358	1.0358848617914305	1.103459979147468	1.1072875426162467	1.1095329576534183	0.9755732216114319	1.1400709753968687	1.029165114272099	1.0455032848936539	1.0481282789780177	1.0732289680214815	1.142548849366977	1.084102859391249	0.9972352484182619	1.0585454016425304	1.1101156465086892	0.9794741606820192	1.0015899453765413	1.1156388099588683	1.0767208413849165	0.9904807723179122	0.9560178148268698	1.0441866349417332	0.9810161234623839	0.9770585623967901	1.0816890801467771	1.0475774744714197	0.9890895353693269	0.9946307618276903	1.0502848461361778	1.0345751370392888	1.0517286036368325	1.0655546117881862	1.013689118504597	1.1688079942645329	1.0423978692811788	1.1279754973842244	1.0251819579520298	1.0120722565799325	
11	1.1094616752795718	1.0954882169735607	0.9892585451401398	1.0435627415730768	1.038430728002244	1.032038019899056	1.0869555223282763	1.0085236815838028	1.040794772363267	1.0836901807626749	1.1724098602438002	1.119968162332491	1.1246447654384861	1.0635102724580936	1.1454888594680326	1.1256444385826183	1.0601061756162289	1.1294456647359918	1.0990365365613177	1.0939121426408307	1.0667357435153126	1.0732920984201246	1.0684399008178942	1.0565082826056758	1.0443887792629103	1.093606959407625	1.05627954335804	1.1094616752795723	1.1050903612266119	1.1480304916793962	1.083570971182445	1.0991865885039007	0.9939668239819176	1.077857768704785	1.0320310782261575	1.0835501312399283	1.1653044567289859	1.005429732709676	1.0883378750120258	1.015721911480043	1.1714520654859129	1.096588729964109	1.0715194552246683	1.0278352054146407	1.10372953893141	1.093855359507284	1.1163376526606275	1.1244235003501148	1.10471405152751	1.1315675181191598	1.1220107428240325	1.0696961386387767	1.0785283457245567	1.1019116513604457	1.0677823759688718	1.0201076595616354	1.0463456450620832	1.0987455905799608	1.1168862934881112	1.1247575896255944	1.0590771473467675	1.1156432476684348	1.0746178667050157	1.022533573824196	1.08882683616926	1.1027007318536364	1.1536881406649082	0.9810085285985134	1.0846240089500867	1.0140261160848238	1.172896520070418	1.0835959407102773	1.0538330666781386	1.0610582420404302	1.0629234758492017	1.072886645835654	1.0777459313356554	1.126900155040279	1.1101886250839474	1.045942712547577	1.1044366654670998	1.0723166995126143	1.1126004601372614	1.052584292045211	1.0445420580351403	1.093606959407625	1.136445936712653	1.089166657472144	1.0973987908407665	1.0926450897286808	
12	1.0107937756215781	1.0888155274525213	1.0306548444555261	0.9492753912481046	1.0968633906703662	1.0759760739921425	1.0562767373466233	1.039712125729137	1.1065679218030746	1.0300136910950248	1.119968162332491	1.205512274970398	1.1651046238404823	1.1409682634319722	1.149241729640742	1.1864397391524466	1.0318865091310905	1.155131067909291	1.2056544102473488	1.192535269859242	1.1318891343388595	1.1479836148404463	1.1007807893081576	1.0682319324901286	1.074958530968242	1.0247129372821315	1.0749761067505774	1.0107937756215783	1.1030305278284078	1.1306022277657426	1.037823485016034	1.0819308689282792	0.9859572375996664	0.9975204498054657	1.0138176426854395	1.0852676881421093	1.0745695978434362	1.0379736540442785	1.140116485622755	0.9870435027605755	1.124410048491258	1.1588267603101103	1.1482442498807237	1.073284274811857	1.096540624076149	1.1354266611893513	1.0861368722001983	1.0769750163796277	1.1237597418723855	1.147378496288405	1.1368920944298284	1.0713296718565992	1.1058907272557374	1.0542666141426371	1.0110670671850766	1.0163026367909993	1.088272803668475	1.0579059468448069	1.0760668485460032	1.1258411313657122	1.09042653744821	1.0290326118689965	1.039461636810644	0.9761592710854036	1.0540261086329472	1.1023926339047745	1.0950724530892246	1.0285280691189551	1.1327837167969586	1.0000069815351915	1.1088900209821757	1.0806640395206426	1.0894982002328784	1.079885018145885	1.0985734934183973	1.1107283709454763	1.0240287546742517	1.0583744686224656	1.1443132464835077	1.1376323012881708	1.1710311214896236	1.0586992684206817	1.1144509021523619	0.9644221817270365	1.0026698616350826	1.0247129372821315	1.1421434818400769	1.0514341553314384	1.0524431652850772	1.0861988948410626	
13	1.0295061478632408	1.0653501421309879	0.982710179479098	0.9704328599354836	1.0572332908225666	1.0391869722953098	1.046583692874439	1.0341904187466202	1.0789335332997707	1.0247017756865315	1.1246447654384861	1.1651046238404823	1.1841733688695968	1.1208003483025526	1.138586471357013	1.1579746881264268	1.027193503738036	1.1201692532207403	1.1724412373504187	1.142355417172007	1.094705406417972	1.1003424859638926	1.076706791046105	1.0321703081750786	1.071174769430819	1.0328509827622294	1.107176528377038	1.029506147863241	1.0824473723521368	1.1114581384984368	1.0222420791099465	1.0614947423731622	0.9552502252404078	1.0153141901532479	1.0143756597573135	1.0681137588202658	1.0868486355978344	1.0426541893567094	1.1178286946320144	0.9778727434937748	1.125739186114094	1.115711372259423	1.1348512175942242	1.0852069156807485	1.093744448733541	1.1149493731352558	1.0746407333847718	1.073899417114912	1.1279560697621736	1.1403307072762234	1.1218479135348758	1.0569984415991591	1.087127571642319	1.0399697199634264	1.0604629955189917	0.9920205678509569	1.0740250031169178	1.041201498487514	1.0695985725587225	1.0986926011493618	1.0478490248112382	1.0444007753121256	1.0210472313540346	0.977892353017648	1.0528755152900473	1.0831316946905378	1.0927769215539962	1.0177047918681483	1.1210430913170464	0.9801387669584849	1.1174120422959328	1.0682824890871108	1.1048003071180434	1.0988500391507503	1.065898953521846	1.0854808693347475	1.0241501007802412	1.0648056645011257	1.130061024064843	1.1053170204023173	1.1413406365883876	1.053923868724148	1.098200102967324	0.9748666798833178	1.046945418054544	1.0328509827622294	1.1484223220465264	1.0330446986729611	1.050904940808756	1.0635607904818931	
14	0.9696338704949187	1.0334048544783934	1.05834285923275	0.9772258221972617	1.0377415212929355	1.0549535384508422	1.0020398026964112	1.072363319898206	1.0508097957086098	1.0667398388723044	1.0635102724580936	1.1409682634319722	1.1208003483025526	1.1795588132345727	1.0903898661637577	1.128081864141958	1.0656289176321088	1.0892181437272088	1.1461417909857374	1.133474987630933	1.0758733994802554	1.1290580820237834	1.0512591640395625	1.0542552261653675	1.0391562311667208	1.0612339971113725	1.0489041350156276	1.0471747567167344	1.1257900325042618	1.0773557323247709	0.9858946709126835	1.0265963526033506	1.012912466126982	1.028173443079236	1.0460346660907562	1.068847629348926	1.019393374610742	1.0749027988024145	1.080537652993507	1.0258722495076493	1.0667696883101305	1.0941047853929138	1.0953337627953	1.1237484780851985	1.0426417561101278	1.0795779863762511	1.1126960382262463	1.018025958291662	1.0695094633466318	1.095368839714546	1.082462777327424	1.0573015528630951	1.0595667004521447	1.0385977786281262	1.0683486505637652	1.0466774353266668	1.0421378353203277	1.0842840858566198	1.0169456238071264	1.0723231926591335	1.0349387791459914	0.9856312201803779	1.069190410630648	1.0061558526858556	0.9989393974072064	1.080871179955366	1.036900567249428	1.0595007380372186	1.0780977996423895	1.0356632106704846	1.0529905831293667	1.024894844340965	1.0480689350205514	1.1272452494184115	1.0369493203650142	1.0544567902263176	1.0511450245333154	1.0020063225242255	1.082677619539172	1.088480658651985	1.1171655073869247	1.0476533317841945	1.0633017832943819	0.9577774306956877	0.982479130425316	1.0612339971113725	1.0950949576282547	1.0774849631840395	0.9983020140289202	1.0345653878943575	
15	1.0673063191245993	1.052125416812363	1.0076033208981217	0.9989083707046644	1.0850545954810324	1.0493957398162153	1.0956583906045607	1.0039890301783745	1.0595834542324583	1.0681923893864225	1.1454888594680326	1.149241729640742	1.138586471357013	1.0903898661637577	1.1792386856617016	1.1296819250643235	1.0782125840734287	1.143427013729096	1.1513688143839733	1.1364554902529638	1.0816429823326388	1.1210804439888282	1.0551980022465781	1.0781611243256277	1.049452331284467	1.08184846815294	1.079894521415818	1.0673063191245993	1.1034264967208447	1.1071993453734703	1.0362022663951667	1.0479134199843076	0.9745253094643811	1.055293205978493	1.0606311353109816	1.1055030072987315	1.1146332722646823	1.0072136453476939	1.0904083048298232	1.0401988106432796	1.1440694207651156	1.1240765170312141	1.1021837139458162	1.0547467564265278	1.1372519643655004	1.0811092498452908	1.083743761000643	1.0902691780606746	1.0746426267852016	1.094083437647629	1.0863423276576236	1.079509792648184	1.0634942596519885	1.045488766954232	1.0206823513008956	1.0447398007051907	1.043753008444842	1.0433262236393315	1.0764531379436735	1.0905219023004091	1.058616605914477	1.078254690814021	1.0407814115060885	1.0326948654839498	1.0574077444374932	1.071772174593875	1.1240657166187746	0.9853955516379639	1.0873433849882188	1.0370734449884442	1.1341582806826767	1.094849520157813	1.0647008740416843	1.0527652946335078	1.088935167938533	1.058340529145829	1.0366960087094599	1.0822914043151466	1.090406209726832	1.0874474507980778	1.1202967049364232	1.083525414510984	1.0678348233888735	1.009146046474961	1.0172741149348405	1.08184846815294	1.0976024001666913	1.0331590502791723	1.0792541171417123	1.0521232988190619	
16	1.0280331929042141	1.1047532127661868	1.0227092200837473	0.963527993445698	1.070909568233811	1.0623113465977045	1.0494104222908096	1.0393871271287838	1.0902302582307029	1.0385276438364057	1.1256444385826183	1.1864397391524466	1.1579746881264268	1.128081864141958	1.1296819250643235	1.1809622134938227	1.0201476841371098	1.143023697256517	1.1777237655296977	1.1709843156462152	1.1229214750003862	1.1223091951719826	1.106812061051547	1.0581343632056825	1.0777955089323052	1.0305267760152683	1.070956866993549	1.0280331929042141	1.0980470290349973	1.1457790070415659	1.0536243444201672	1.1006179301930734	0.9905048728558485	1.004512205934887	0.99546716321273	1.0710999573514428	1.0897841170412235	1.0355771853849651	1.133798882729747	0.9808530452501384	1.1300480751012472	1.1360021460955385	1.131130446689269	1.0610460448233165	1.078088648987778	1.137082781802225	1.0954593067811644	1.0847015309788477	1.1303785500217765	1.1596843033523996	1.1473450359350388	1.062875574394022	1.1102828221814074	1.0744415339277744	1.0364288656717886	1.0064172710788664	1.0856325680126422	1.078455472232372	1.0850130591624791	1.1367663238697083	1.089604983905068	1.0436090288703086	1.0528926627257509	0.9674885018088336	1.0593699605862854	1.108104496235969	1.1023374484033246	1.0195527984935786	1.1276729273104393	0.9933633652582871	1.1184052864241603	1.0670082261316023	1.0803576779456179	1.0821631242636351	1.0768683685536462	1.109871000176981	1.0364372113241416	1.0697531010872685	1.14531674388197	1.1190078283035299	1.1628885805586424	1.0505145313648951	1.130926846375045	0.9792323419168221	1.0193603342061037	1.0305267760152683	1.1577159796521226	1.0713122450410757	1.0523183113366286	1.1004170672882343	
17	1.0237641031265303	0.9809390478509727	1.0315333607869508	1.03891091573309	0.9937053666321312	0.9968992829400183	1.0333426158205106	0.9950740071309984	1.0408904119224305	1.1012650445866747	1.0601061756162289	1.0318865091310905	1.027193503738036	1.0656289176321088	1.0782125840734287	1.0201476841371098	1.1813346468252568	1.054832593330735	1.0391573128189284	1.0389238072058251	0.9903217345752147	1.0630087215764796	0.9781873269531566	1.067074679536034	0.9868592888948287	1.1137563393984449	1.0032040546689729	1.1056337430536038	1.0956072603336773	1.031634694468346	1.0217265421950814	0.9843894867999586	1.0659521587312777	1.076389393795781	1.1460890462966387	1.0611450424612205	1.0609338897947556	0.9932286718635056	0.98499429238362	1.0860629347512836	1.0574153711571523	1.0971130328943537	0.9908246606219006	1.1277387880430139	1.0426520503152892	0.976980508769546	1.0853696305027227	1.0133468811248758	0.9832507972371131	1.0267602283413282	1.039533668422102	1.0225542751104364	1.0615043477248718	1.033791945666416	1.079820253224205	1.0774199073322301	1.0241635090350318	1.07025475210963	1.0232148901621458	1.0491587225858707	0.9929932164499565	1.024897034349029	1.063077908725272	1.1437178051438168	0.9844325817922451	1.0195943348247951	1.0553047970191463	1.0318524819533847	0.9842170701816685	1.0783468765460116	1.0674325354075467	1.0681573530351123	1.0325149993487897	1.0968559398496995	1.0698132596495733	1.0141583323329972	1.059628706778477	1.025561743234346	0.9785657385526022	0.9967270245026636	1.027073044369839	1.0303675962052152	1.0364475936632171	1.0466459612852725	1.0245313340012443	1.1137563393984449	1.0146492807897467	1.081956780320321	1.0597136640816542	0.9991398731666739	
18	1.0703118811803538	1.1008221534719584	1.0602155283009569	1.0007567164037239	1.0791739799851805	1.0732962576228322	1.1165634633786221	1.0384359185661864	1.0813901631195297	1.0805855006823808	1.1294456647359918	1.155131067909291	1.1201692532207403	1.0892181437272088	1.143427013729096	1.143023697256517	1.054832593330735	1.1758884893007115	1.1538883224309702	1.1539686864774976	1.1130837901528416	1.115454330087463	1.10325918273935	1.1202088662582848	1.0859103042008749	1.0832644661761262	1.059770082606741	1.070311881180354	1.115952314025118	1.1096578840556064	1.0773382056481935	1.0950379278803655	1.0186767257802256	1.053509879789045	1.0174615092190002	1.1004820910345474	1.1359003842339763	1.0227449318311528	1.1145595090788138	1.0411841167890612	1.131835072783097	1.1195383836433987	1.099661334219487	1.0310612696421146	1.0950360392375469	1.0938773689116272	1.0922722340909068	1.105592930214007	1.075600989512899	1.108478987691198	1.1171667588731986	1.0532669008325102	1.1083194293422824	1.098243194721715	1.0306478952808535	1.064559279858103	1.0605753192759249	1.0929872627669954	1.088672760530737	1.1001679394935056	1.1192223377859094	1.0725217415198927	1.0792434363513288	1.0309497279346007	1.0424274349110734	1.098201674524466	1.1532997305084152	0.9950797888405318	1.107082668204313	1.04910551594638	1.1182737768714404	1.0613051656567698	1.0474787932068972	1.0352366775236523	1.0794121762410878	1.0710971093955781	1.0352940681674272	1.090450465758874	1.096399527282366	1.0991358904823387	1.150316893073225	1.0466177761211408	1.1172095826306925	1.0243773268426986	1.023637382116135	1.0832644661761262	1.113399933875542	1.0847184894853623	1.0743778847240342	1.061429687302157	
19	0.9924382112575815	1.0637073077838797	1.0325832118910225	0.9317428379542203	1.1034171601125307	1.0741211810998257	1.0583253638473364	1.0395617284021514	1.1185914966466117	1.018634178661741	1.0990365365613177	1.2056544102473488	1.1724412373504187	1.1461417909857374	1.1513688143839733	1.1777237655296977	1.0391573128189284	1.1538883224309702	1.2226653315181484	1.2006509195326696	1.131260916562857	1.1535152269270197	1.092445654063145	1.0734133592188269	1.0827864485489256	1.0177726877818225	1.0932885747426193	0.9924382112575816	1.0932729520051743	1.0980207964382775	1.0163340556393656	1.0538288505319762	0.9772491843681045	0.9876679856941973	1.0230721139733692	1.0856283971615743	1.05346544563106	1.0407008003044775	1.1353127138091659	0.9940602678566879	1.1028320986120377	1.1631454568950814	1.1577986640181244	1.0938801848443642	1.0999805442425756	1.1197650049041807	1.0619920300451944	1.0567543915236515	1.1062537035927908	1.1262758153863732	1.1195376268469754	1.061091532001326	1.1058642516183297	1.027126149757531	1.0060052252402942	1.0223409244687527	1.0903017732733689	1.0297425373761697	1.0532690554364694	1.099607475448514	1.0853028485368272	1.0097415284145834	1.0187465412548813	0.9861676509486631	1.0293522169424538	1.0798377237395074	1.0805214761812936	1.0329214199974086	1.131388920846083	1.0049562722670011	1.0847486662847123	1.0779044746509117	1.1021584422896047	1.0811001668403575	1.1040062754224056	1.0988020840729231	0.9991570513103328	1.0361308546758508	1.1252521498380348	1.1508859471040847	1.1735106614934336	1.0501884830147392	1.0960538731349707	0.9491129749368087	1.0089124586929252	1.0177726877818225	1.123347715151799	1.0249905240497963	1.0428678780891958	1.056470973712921	
20	1.004222432409204	1.077928727942379	1.0545872578360327	0.93283429025563	1.0958791398214167	1.0711086870202056	1.0613188521826937	1.03069818625715	1.1054009533453533	1.038605761930732	1.0939121426408307	1.192535269859242	1.142355417172007	1.133474987630933	1.1364554902529638	1.1709843156462152	1.0389238072058251	1.1539686864774976	1.2006509195326696	1.1990012262918617	1.1326231400256224	1.1488384006259766	1.1023539408534049	1.0904531718883252	1.088633171664538	1.028719975441714	1.0753401146600257	1.0042224324092037	1.0916478156177614	1.1106671265672123	1.0342435214383097	1.0681340388143352	0.9979078792956954	0.9880862260601178	1.0103440400962354	1.0800054921497968	1.05644518761866	1.0248467785698414	1.1233497660062393	1.011409154053146	1.0982615030219314	1.1525634632681019	1.1340553078362552	1.0732256386615326	1.0843464821814486	1.1133572203686999	1.0667033522583707	1.0554273119351123	1.0855451719009461	1.1215136156787213	1.1196473385187358	1.0548311753360347	1.1135825969059316	1.0444300580160204	1.003903519526324	1.0367524529142584	1.0850305950713444	1.048393059195851	1.051703384334311	1.1124573261386876	1.1046919587131763	1.0181848977782184	1.039617767592115	0.9865852559790637	1.0213467800655467	1.0767565842886309	1.084758863400128	1.015961093835305	1.1164615585489654	1.024659683259594	1.0796908913283332	1.0655543406750299	1.0738761372610133	1.062684005533079	1.0929078260466052	1.0936283408813456	1.0024786364675506	1.033907499687124	1.108385277403801	1.144394101001565	1.172137122377262	1.0423646757628995	1.1066751604017975	0.9606878355510527	1.0058888186293566	1.028719975441714	1.1170307282720997	1.0436128398523994	1.039134130253637	1.068816737609421	
21	1.072161248269257	1.1454514470594928	1.0945908889916773	0.9979961361721021	1.1169052588720003	1.1094735248509153	1.1139718087588626	1.0812199182955506	1.1356180606446935	1.0136292057723169	1.0667357435153126	1.1318891343388595	1.094705406417972	1.0758733994802554	1.0816429823326388	1.1229214750003862	0.9903217345752147	1.1130837901528416	1.131260916562857	1.1326231400256224	1.171983206785024	1.0818455512411767	1.1576661000288833	1.051128894443243	1.137421777784632	1.004982455957563	1.1115315031924797	0.992770169721729	1.0569969974656275	1.0807699767881547	1.1007185096772336	1.1380810665343644	1.0468830293846425	0.9711242654363138	0.9559980880907639	1.0357282885872483	1.0493482610434581	1.0697342822795894	1.1696753954856252	1.049184811726651	1.070957856368012	1.0870583784007155	1.1639661811262991	1.0135647773483174	1.1146520104110114	1.1605775823728353	1.04230297981486	1.1205328029810027	1.1389291686645282	1.0905712410600212	1.0903281568513856	1.0900346604527706	1.0774468893096454	1.0375766554598524	0.9918103210010186	1.0762210076329446	1.1229574803540316	1.0391189866155184	1.1136195851190844	1.0764628479253604	1.1572397199253892	1.0817968317376423	1.0218137030782712	0.9503283419067063	1.0731826299071852	1.052637495379303	1.0693411987394874	1.0484343307864405	1.162904493197655	1.0627975314344749	1.056184149507957	1.094315277544659	1.1055292594361374	1.0194737139034675	1.1167330534135653	1.1349969690333663	1.0612163618162274	1.101163628682548	1.158658306096488	1.168163070852567	1.1234260848615893	1.077210115392477	1.08508478357821	1.024932188773434	1.062360184535589	1.004982455957563	1.0914606544596837	1.0328403067951868	1.0891049380338054	1.1216120799447347	
22	0.9832096557873257	1.0289159951460152	1.0474216037809936	0.9508843274308987	1.0688829183881352	1.070482033586091	1.0358390414483458	1.0216600686929933	1.0582065957075542	1.0506343910706888	1.0732920984201246	1.1479836148404463	1.1003424859638926	1.1290580820237834	1.1210804439888282	1.1223091951719826	1.0630087215764796	1.115454330087463	1.1535152269270197	1.1488384006259766	1.0818455512411767	1.1545649934672146	1.0465962848830095	1.0896507310467365	1.0329589583503405	1.0472007973494597	1.0350088714699306	1.02176689719075	1.1028372409972163	1.07383366662676	0.9956915160802744	1.020596572524089	0.9950113854857349	1.008698288882774	1.0414937617688198	1.094987403991826	1.0310823822973594	1.0195738284998805	1.0759969108588783	1.0277755473431085	1.0758725309145265	1.1181418730901382	1.0896674003596316	1.0734010329814787	1.0729953527991685	1.0670775254930291	1.0763804050266061	1.027720180422082	1.042855638950946	1.0724133037930665	1.0684934847362382	1.0710043466738008	1.0567646256000738	1.0376115235124272	0.99653397768905	1.047323892567717	1.0359577206825599	1.044508975583713	1.0223896656251152	1.071366018990349	1.0527674018485491	0.998014222157625	1.0410774588425575	1.0071660076784703	1.0006857067335138	1.07483974166936	1.0554050170822933	1.0128366085753746	1.0685542305910394	1.0365267956677546	1.059338915099111	1.0486848265823585	1.0343817000634619	1.0612568168629564	1.0665973357075533	1.049278017084441	1.0162170359204903	1.0098995589834097	1.0665948457397971	1.0940455840286771	1.1179532706166757	1.0633253460899124	1.051039954415638	0.9704704450719461	0.961965586076311	1.0472007973494597	1.0666213178788533	1.0383904907879957	1.0179869134832005	1.0293374013522396	
23	1.1001595797461623	1.1648042120774187	1.0950342546765128	1.0212064340080702	1.086476582418513	1.094379568055005	1.1171023770014774	1.0852349699196298	1.1123074403982327	1.029618279095081	1.0684399008178942	1.1007807893081576	1.076706791046105	1.0512591640395625	1.0551980022465781	1.106812061051547	0.9781873269531566	1.10325918273935	1.092445654063145	1.1023539408534049	1.1576661000288833	1.0465962848830095	1.1656545259286852	1.0511455598818646	1.1447910435900477	1.0191452615767447	1.1026354837336831	1.018695289042281	1.0512196843190191	1.086911983512196	1.125410533040264	1.1603656243146467	1.060611125175259	0.9860564883582206	0.9369285903715431	1.0225410946900007	1.074179079360527	1.068067280229125	1.15626737497161	1.0509478172316944	1.0724329324176989	1.0533492129544562	1.1338495548302558	0.9914238726422467	1.0880014109664942	1.1509099676876524	1.0487673334015162	1.1311922246387185	1.1326543921743428	1.0927619083180815	1.0956634138543107	1.071099083818733	1.0834764523578833	1.0670039191625742	1.0218946457163889	1.0737084045966903	1.1133705905330749	1.0664640276185522	1.1218089374238938	1.0783026866193308	1.163750547608693	1.1021610787591354	1.044155009990741	0.9497130139227129	1.0751114964087716	1.0570429469405178	1.0861565479074828	1.0352302761649816	1.1510547866147132	1.0635984831895342	1.0615686377892881	1.0693463162884849	1.0848690903942029	1.0105182613350796	1.0852396119293988	1.12298438738774	1.0720082431784073	1.1159358487594029	1.146167116016695	1.1392958375937385	1.1109783320033197	1.0591953570028436	1.1026299283266283	1.0518323026938312	1.085771252017589	1.0191452615767447	1.099670941839643	1.0593807138675813	1.0887695675382074	1.1272965880109314	
