C:32.0 gamma:0.01 degree:4 alpha:0.1 z:0.0a:1.0	1	2	3	4	5	6	7	8	9	10	11	12	13	14	15	16	17	18	19	20	21	22	23	24	25	26	27	28	29	30	31	32	33	34	35	36	37	38	39	40	41	42	43	44	45	46	47	48	49	50	51	52	53	54	55	56	57	58	59	60	61	62	63	64	65	66	67	68	69	70	71	72	73	74	75	76	77	78	79	80	81	82	83	84	85	86	87	88	89	90	
1	1.0	0.9922533701874956	0.9480700936269242	0.9306788074952338	0.9773895245683545	0.9815686365554699	0.9961194691534404	0.9312424864922929	0.9641978079261246	0.9215670285701423	0.9572834199111758	0.9420710182188614	0.9260062764465875	0.8970206602718248	0.9525239543432864	0.9423164236684812	0.9062836133169955	0.9534986646046701	0.933099863369072	0.9409074542001854	0.9823764166457379	0.9377296310738613	0.9828725942384721	0.9444480879614591	0.9709223536548848	0.9218812094126962	0.9563182618976419	0.9231163463866358	0.9181605305882957	0.9536710086558539	0.9925476148947305	0.992626153769802	0.9433074290026989	0.8950898136707676	0.8944126205080071	0.9468452268095886	0.9595954865072278	0.9248077051183043	0.9807062736830168	0.9555351409273201	0.9570927622567238	0.9350986196314892	0.9699727294291236	0.874483152270058	0.991612641327719	0.981746236450306	0.9194337365384229	0.9972630173460642	0.9739289791255514	0.9384027306095091	0.9398355053349169	0.9824902772329106	0.9313054146800971	0.947631695063031	0.8854341571455225	0.9552725949266818	0.9656117109004793	0.9195418742273848	0.9929887678902571	0.9474599871610587	0.9905329957978822	0.9994483500831804	0.9180133410397571	0.8809988275474742	0.9822878095719275	0.9453257647504334	0.9592480272962127	0.9164680344164559	0.9764535112646227	0.955379430369569	0.95601842713877	0.9813539727388938	0.9536555048881806	0.8840702983948286	0.9765156748819669	0.9758239399174723	0.9565749625457142	0.9964502828558426	0.9813824022401314	0.9722566353155607	0.9400362301650719	0.9830775451025981	0.9415662402681103	0.9843632830775958	0.9525140158018928	0.9218812094126962	0.9374081944223941	0.9166317685840529	0.9890928175060469	0.9884111508240372	
2	0.9922533701874956	1.0	0.9491430067745725	0.9242850592860573	0.9720709147404124	0.98431406385996	0.9911471729589418	0.9430837433466834	0.9804049880514849	0.9165534778138129	0.9557217766146561	0.9545861058303866	0.9492594022151929	0.914860749949425	0.9509701938610092	0.9565539926425556	0.9018480911737645	0.9564719166892848	0.9503148819194871	0.9535625165593111	0.9956091427631464	0.9431459032985142	0.9971989463052638	0.9424347113046527	0.9911564812393963	0.9149047615750325	0.9836885348877098	0.9159653057773068	0.9195065928531254	0.9579194836850266	0.9927368276411263	0.9996513745305307	0.9423251205560553	0.8882969261716543	0.8824863303896433	0.9426411065862825	0.9548055058537297	0.937938218566339	0.9957474400167305	0.9482740229326522	0.9562237813218178	0.9420465683827869	0.9900180651270646	0.8977079466140571	0.9885620314677503	0.9965795550738777	0.9209175961205016	0.9967563920851787	0.9926159663761246	0.9544745286298739	0.953876003166186	0.9831676016172086	0.9469355131302412	0.9483551663492333	0.9091394560186304	0.9514830634015387	0.9839394122529406	0.9217178225335085	0.9944445315234427	0.9537509760218157	0.9964792038460516	0.9934844244939092	0.9150668354029328	0.8743128773433957	0.9748220229908129	0.9486566938938079	0.9558434318382006	0.9261332689746989	0.9943060253549929	0.9501819318510482	0.9544588474604454	0.9815106223990854	0.9776029358712436	0.9062359689067846	0.9798783529843068	0.9891338611351925	0.9560391000872499	0.9945023711786315	0.9958750506059649	0.9903418306858863	0.9554628265295751	0.9816199648319797	0.9545988352674101	0.9772971720083129	0.9787238536233799	0.9149047615750325	0.9558926932224362	0.9194665679640054	0.9869620587061384	0.9949740491246966	
3	0.9480700936269242	0.9491430067745725	1.0	0.9529250372484365	0.9557011351339759	0.9876465257949536	0.9541421037575626	0.9907539537036316	0.9066454349375676	0.9529500479564482	0.9042970294858036	0.9045130278061383	0.8948928515443576	0.9380412937071726	0.9047312332598199	0.9048690710897629	0.9092665276235308	0.9144247579575127	0.9018233300608293	0.9077293586020246	0.9474176335412685	0.934685073213407	0.9496935870508444	0.9487965174186158	0.9464542390570948	0.9513785167599672	0.9322309643082279	0.9480700936269242	0.9484978066735893	0.9023978692975205	0.9370564796563469	0.9464432649445392	0.9673249304323749	0.9232504310925429	0.91439473614124	0.947203625968249	0.9094852060300681	0.9873709866674201	0.9432871484071942	0.9915897143067723	0.9046409651800564	0.8703419513856245	0.9366024180212917	0.8952623948427462	0.9407677688286392	0.940242074188868	0.9446092668610814	0.9460927269703265	0.9270026922122204	0.8912861515267642	0.8907972212496353	0.9701910805433697	0.8825615063492097	0.9416693500863593	0.9245637762820689	0.9939420072778177	0.9122528111110052	0.9495767719159	0.9344923530206852	0.8909835164791422	0.9570539152825387	0.9455577466132078	0.9573108862287186	0.889692348633172	0.9437282138883797	0.9442095107673683	0.9150372076834135	0.9574634359703165	0.9413760374568333	0.9931530695488171	0.8983379273689249	0.9105215403922364	0.9023193057925922	0.9088233751242415	0.9069826486687791	0.9187922396437191	0.9758851928066288	0.9392457272875298	0.9357916425974956	0.9417853819300551	0.908687871694276	0.9690849295665733	0.8949406250997914	0.9642740081063788	0.9138248733698716	0.9513785167599672	0.8979162259103559	0.9421239248891432	0.923236815880385	0.9319550696208698	
4	0.9306788074952338	0.9242850592860573	0.9529250372484365	1.0	0.897751815254485	0.9400337389185035	0.9155444947559563	0.9285832955837607	0.8999563103904351	0.9311861032530152	0.8867903753462982	0.8698982832206806	0.8546132271684532	0.9009394017245823	0.8771169082715675	0.8739067405216908	0.920808844958291	0.8771935544805123	0.8587660448852623	0.8715384341792465	0.9100129637875926	0.9021557902877818	0.9138490153613903	0.9082174127667989	0.9029435623625354	0.9266280584160276	0.8870879026049392	0.9306788074952338	0.9175893576316793	0.8954239025135754	0.9290119054465605	0.925822240893524	0.9606542262891509	0.9579177943462052	0.9026389911014499	0.9064513087539469	0.8866522457834842	0.9219397105358103	0.90447032104725	0.9628541113133597	0.8866458671874257	0.8747000628308934	0.8938127829779456	0.8902846230523168	0.913044984232912	0.9116787820244845	0.925864489984868	0.920935547533762	0.9035150628905926	0.8774602557501175	0.8787652428375572	0.9474812250058195	0.8752068833899116	0.9174567317508474	0.8993886524654973	0.9578288103834484	0.9060052799918347	0.9287725312274757	0.9221506872395608	0.893225240143199	0.9188503520740274	0.9303468041352508	0.9261807179213879	0.9528644975865675	0.9093390130958564	0.9089558979319485	0.8840543095254496	0.9228805504538404	0.9006786149609214	0.9628018073952547	0.8879637663433833	0.9164227696166264	0.8894906546042531	0.8976028478940622	0.9114096654285173	0.9133311219115529	0.965711414885531	0.9225549612025293	0.9078277596121022	0.9008047089221439	0.8709177783529112	0.9479445703698371	0.8823847934720888	0.9564256852436568	0.8955363611167559	0.9266280584160276	0.8737784102689256	0.9283185569551159	0.9207983085365505	0.9306009062211975	
5	0.9773895245683545	0.9720709147404124	0.9557011351339759	0.897751815254485	1.0	0.9793971399762513	0.9846028446567929	0.949440094363747	0.9237557701704804	0.9053541955255714	0.9256617128893315	0.9199820344898401	0.9078694276664877	0.8788411839105518	0.92471129185299	0.9203770633080999	0.8602652427130258	0.9378504295215924	0.9163689171724652	0.9238822437441095	0.9661687291804343	0.9151543048258771	0.9705124848124245	0.940860644637926	0.9664114276915758	0.9049960344360167	0.946231193889544	0.9022442469161104	0.8969750065806276	0.919964191635771	0.9641130265549176	0.9694814920869539	0.9249758743100966	0.8699528479150237	0.8849792888581874	0.9409944288251718	0.9385202869718522	0.9475888045914937	0.9614371170565619	0.942575871373055	0.9258461093218981	0.8865098489231328	0.9512167141600025	0.8373962615683446	0.9618919479742356	0.9563563024631455	0.8922480470907762	0.9712085881606201	0.9417838482295399	0.9063254857336057	0.9080987653879784	0.9511232189990024	0.9014189419349558	0.9331169795223596	0.8702151187038218	0.9446287884737816	0.9281352758889896	0.9013901002112619	0.9573336432882086	0.9078343450680588	0.9832624625195268	0.9717365341051587	0.9158976505250689	0.8383320130657513	0.9880086797351593	0.9361534040336427	0.9439076322410511	0.9214039073977407	0.9587945183754795	0.9435492450452287	0.9195618225956202	0.9291167318126848	0.9154035707276382	0.8503886316211797	0.9258381447690375	0.9348773614934579	0.9222911801017519	0.9645290672366434	0.9517464164987949	0.9573300627296075	0.9260014810624951	0.9505550399073178	0.9147248658783212	0.9574214823492533	0.9315746086006035	0.9049960344360167	0.9133836803602762	0.8941535253687237	0.9466596987031417	0.9495807774373408	
6	0.9815686365554699	0.98431406385996	0.9876465257949536	0.9400337389185035	0.9793971399762513	1.0	0.987096288761515	0.9792283788024407	0.9482427683331317	0.9461725387754163	0.9407295618861649	0.9406669980029847	0.9316677329679197	0.9366806969174745	0.9406958493194123	0.9406583998912567	0.9119963014072354	0.9483074968092319	0.9376121441207826	0.9418761374162907	0.9828186126291263	0.9514543476049151	0.9837821571048515	0.9593575825269984	0.979020432321132	0.9454490176930588	0.9675017360531666	0.9430807798056404	0.9462413599356849	0.9379855326495831	0.972734997743655	0.982163431128524	0.961712563673277	0.9089558979319485	0.906895345546318	0.9590512407319488	0.9433886458994623	0.9748459157190028	0.9807125795927338	0.983236387341175	0.9410873541429364	0.911134239278901	0.9744468441719379	0.8998939341485911	0.9781648988970393	0.9780769226514661	0.9430704066748246	0.9830968901062832	0.9676216435961608	0.9291044254862777	0.9283691931562525	0.9889041492866136	0.9190888814011036	0.9553038978903593	0.9225290502359939	0.9864419809292226	0.9524181671489043	0.9452042509372021	0.9735288171133935	0.9279597917883126	0.9889064732757006	0.9805959497567749	0.9473619736570692	0.8805626152395193	0.9709715157389142	0.9579177943462052	0.947893371145847	0.949319376762664	0.9787256442749134	0.9847865726024185	0.9357669380839635	0.9525670114913628	0.9443812587820882	0.9123179019047438	0.949292373064844	0.959562948537177	0.9755845577323594	0.977273494803042	0.9755049268300067	0.9772132733191823	0.9426416838299014	0.9877766628433465	0.9307487897144828	0.9801780796245816	0.9502813471440508	0.9454490176930588	0.9343564671782975	0.9390265895361896	0.9630757504342375	0.9699901576509602	
7	0.9961194691534404	0.9911471729589418	0.9541421037575626	0.9155444947559563	0.9846028446567929	0.987096288761515	1.0	0.9375704855665359	0.9520992894892112	0.9214035623081788	0.9546847343194566	0.9476201402921489	0.9320926777670117	0.9030037531882201	0.9556719969864498	0.9460430208900357	0.890461666854632	0.9582321147570733	0.94171266461245	0.9479233868325865	0.9881311518012447	0.9434113621384732	0.986883759010397	0.9499057001904273	0.9779585439895682	0.9219876028467116	0.9645904347533902	0.919534164929519	0.9202379649672463	0.9486723973157597	0.9824471032764863	0.989411501288611	0.9303000074393186	0.88566108876008	0.8801643392612495	0.9507989920954086	0.9557209936257671	0.9316069485234435	0.985557402390522	0.9587463087119967	0.9546328741761874	0.9210657804239496	0.9774366615363087	0.8641530468410262	0.9946016684905471	0.9836757389026568	0.9172075574588912	0.9955465035335299	0.9714311446790652	0.9330400410035743	0.9325764894662542	0.9835320441356815	0.9207852592554976	0.9442490972336102	0.8823218930808633	0.9598753129145562	0.9549320410994817	0.9160144132182672	0.9854141860449974	0.9373096077075554	0.9953136245744978	0.9955901181182905	0.9176137189183277	0.8579954718472423	0.9774059062417751	0.9451462633411983	0.9594503169568177	0.9082534619901378	0.981852370710637	0.9590067550296	0.9496484928978169	0.9671441290960879	0.9448120023724034	0.8768453725874104	0.9614760197317402	0.9658949487355838	0.9500678883540484	0.9905099117001465	0.9819024541448796	0.9805000809815425	0.946090989086013	0.9836923430894691	0.9340890452289459	0.9734779853886917	0.9455451043868011	0.9219876028467116	0.9364156265514817	0.9096321315128316	0.9769540496279658	0.9797634576341805	
8	0.9312424864922929	0.9430837433466834	0.9907539537036316	0.9285832955837607	0.949440094363747	0.9792283788024407	0.9375704855665359	1.0	0.9143145034780065	0.9343895960684059	0.888760002757025	0.8951288599736397	0.8964530728730499	0.9331704273362456	0.8845029699668739	0.8984224813436128	0.8995486520652789	0.9016957615847694	0.8957101383801194	0.8977042053486907	0.9399574764286799	0.9175644257980543	0.9463633671893241	0.934037546795203	0.9477070823494621	0.9318509408114957	0.9364534006907796	0.9312424864922929	0.9337455011191171	0.8904412754673007	0.9319645175965392	0.941031926129102	0.9692406270882805	0.8955208870113119	0.9151283579894132	0.9330281128551718	0.8984286666937075	0.9996004237917788	0.9387876536237111	0.9678142265245547	0.8896778021765078	0.8682374789893512	0.9333378502392704	0.9077788407180001	0.9185354610665953	0.9347787295143244	0.9313516857133496	0.9335832274335993	0.9286579235416473	0.8925436997331361	0.8931650633874395	0.9505945810042956	0.8905594334364396	0.9356070493034586	0.9380411279680535	0.9741394749849354	0.9195300481750528	0.9425191723619607	0.926060396523616	0.8844006118884584	0.9480144492165027	0.9279565134393175	0.9485123477430963	0.8721481137031869	0.9431672783032353	0.9404955604903067	0.9027019546016539	0.9781210162585934	0.9393317896173926	0.9712376282340698	0.8852413270477856	0.9012255365952178	0.9135050665119292	0.9178980341944523	0.9026163145832297	0.9195299651568183	0.962851823146907	0.928070349119609	0.9313367582772097	0.935643864467924	0.903886507734939	0.947655689768888	0.8983202160624055	0.9550017150436593	0.9302070694341377	0.9318509408114957	0.8997011460658576	0.9382094392331035	0.9143441386220332	0.9238470286137409	
9	0.9641978079261246	0.9804049880514849	0.9066454349375676	0.8999563103904351	0.9237557701704804	0.9482427683331317	0.9520992894892112	0.9143145034780065	1.0	0.8830555000494248	0.9346427337381126	0.9285593751645873	0.9333661199386613	0.8923605300149223	0.918114681941261	0.9349086176985868	0.9087594629358204	0.9240252873280184	0.9227583111043559	0.9222808828167031	0.9668604079596363	0.9092984982806168	0.9720220332200696	0.900958335339595	0.9641098946303724	0.8811366453777366	0.9626786368106017	0.8900667576467673	0.8920164276143775	0.9428450163142139	0.9866147918418612	0.9842530193764389	0.941747182284834	0.8526808261317145	0.878914520167255	0.9048141944382684	0.9343268746191514	0.9093453831889149	0.9735079473958632	0.904216197544732	0.9354723909141757	0.9569919108667131	0.9668444207122091	0.9201010847617754	0.9537167052132732	0.97854680992275	0.9013265374253264	0.9746397671437548	0.9913310774288047	0.9552883763158955	0.9575271414095244	0.9542762009923625	0.9588843084340399	0.9291875145640119	0.9118697806004763	0.9095674936176256	0.9991646005547059	0.904385198714869	0.9872982304705622	0.9529015158656187	0.961546470061394	0.9673379364114248	0.8843920404771143	0.8709132068841844	0.9514203789663288	0.9270050074686735	0.9273962474038169	0.9294287297883844	0.9735079473958632	0.9070203732454296	0.9420875752504977	0.9888903132097422	0.997491688477218	0.9196176311230952	0.993351022295873	0.9978606237805128	0.9433766261189577	0.9807679676628713	0.9832834057198921	0.9602849706711055	0.9292184468590056	0.9517394501070989	0.9563517663401526	0.9670719055098939	0.9911506908396659	0.8811366453777366	0.9488232459146532	0.9108955938766014	0.9871922994589155	0.9894977662215076	
10	0.9215670285701423	0.9165534778138129	0.9529500479564482	0.9311861032530152	0.9053541955255714	0.9461725387754163	0.9214035623081788	0.9343895960684059	0.8830555000494248	1.0	0.956145384466376	0.9467773354536356	0.9308456196795248	0.9778218461945711	0.9550108295618767	0.9462492808181411	0.971342131311051	0.9566127493404898	0.9395545160994213	0.9472183576239267	0.9116494335971032	0.9812888251563874	0.911236266628709	0.9872233945406332	0.90227376555604	0.9996196785538236	0.8894824510646763	0.9983216440456743	0.9964251358170909	0.9530179210184835	0.9109619005863451	0.9155867151380911	0.9354027732802358	0.9739181764516927	0.9570614722416153	0.9876438713827138	0.9564738895378273	0.928125723842703	0.9087300879775102	0.9593634534996359	0.9560588202199577	0.9266194503688333	0.9006807094966153	0.9416524937334322	0.9175643193191504	0.9088458212501774	0.9955730019732226	0.9194401975919526	0.8982125747469862	0.9365014774941336	0.9363102938982911	0.9458561178734581	0.9257992423524013	0.9844514305704319	0.9588022687342419	0.9592417319951916	0.8862486706797574	0.9946536175157553	0.9122458689548646	0.9433700791337599	0.9183647441647562	0.9212957672874221	0.994984492061367	0.9484992620645172	0.9024068784910911	0.9833295326802233	0.9588678415235284	0.9095746928394508	0.9051827392116819	0.9595198133852288	0.9523599243552249	0.8979011974694326	0.8756236862141863	0.9542896034458905	0.8925973752226583	0.8960297448379726	0.9533185100143107	0.9160654239715726	0.9068919534768953	0.9042132072582023	0.9454244451643741	0.9461130625319607	0.938070288507785	0.9391278348421228	0.8767094266936322	0.9996196785538236	0.9383047821408893	0.9889945482361098	0.9057746196773769	0.9096819364158121	
11	0.9572834199111758	0.9557217766146561	0.9042970294858036	0.8867903753462982	0.9256617128893315	0.9407295618861649	0.9546847343194566	0.888760002757025	0.9346427337381126	0.956145384466376	1.0	0.9900038545203249	0.9761823130912394	0.9438459943125352	0.9967304336299695	0.9896741834041055	0.9449288546078956	0.9952840612079898	0.9820401544043843	0.9872706749321875	0.9502182716932821	0.9829758487606559	0.9485878253295352	0.9791555473916428	0.937674161409434	0.9564433097886126	0.9290951593247307	0.9572834199111758	0.9589423546949408	0.9973318618304349	0.9520438177828553	0.9559077265300098	0.8992656176629086	0.9237462293045124	0.9158008618286233	0.9812513381588177	0.9962774598598205	0.8816364576390032	0.9503009553343489	0.914669476894703	0.9999818924228848	0.9812542045059779	0.9428902058676324	0.9216327655463591	0.9575093576141723	0.9518119814655219	0.9602032837661844	0.9600633937477279	0.9463755047963559	0.9855344173604594	0.9851404177280434	0.9495097408683976	0.9742085348608929	0.9831680088912058	0.9276761819745006	0.9157169131367643	0.9359183029171374	0.9559971101137493	0.9573586352291246	0.9913748886269135	0.9514887581853184	0.9593455756087611	0.9475264950620222	0.9092041184461688	0.9297955266939448	0.981629977606702	0.9962774598598205	0.8716082220901563	0.9468656189816517	0.9150173575924054	0.9986785598224159	0.9488986568736659	0.9280363040571107	0.9313994510931757	0.9444695474744363	0.9457276987815962	0.9216844911282253	0.9589336303200541	0.9525825532251943	0.9429250462169392	0.9857077327036168	0.9495613226989933	0.9842289085968283	0.9408815623411151	0.9213965713350127	0.9564433097886126	0.9844334481537181	0.9531442105978062	0.9527394895884603	0.9547092135145047	
12	0.9420710182188614	0.9545861058303866	0.9045130278061383	0.8698982832206806	0.9199820344898401	0.9406669980029847	0.9476201402921489	0.8951288599736397	0.9285593751645873	0.9467773354536356	0.9900038545203249	1.0	0.9949978046333297	0.9592709326397482	0.9926957880509538	0.9993692065721277	0.9196975797609517	0.9956468877697778	0.9987415342817244	0.9993387070494504	0.9599133258000525	0.9878535374358293	0.9573028660254911	0.9764516223919483	0.9537088699781469	0.94515669628895	0.951915015570842	0.9420710182188614	0.9559161220836364	0.9911080896744962	0.9365729101648997	0.9522245037388584	0.8799968129544673	0.9109312008222622	0.8838231789213449	0.9744577703311089	0.9810902662539103	0.8891575704600464	0.9597988715412455	0.9074326915157082	0.9906673659047919	0.9663620261877081	0.9590046434812868	0.9240031848594253	0.9523219976368063	0.9592316035419026	0.9535171590665777	0.9514364666425585	0.9517386980880829	0.9872168765838175	0.9828213408627118	0.945876567526547	0.9696811759859335	0.9734531853355742	0.9375242285206533	0.9116388321453858	0.9335516786921513	0.9480297634273372	0.9449196740371285	0.9813671495332333	0.9543526283641319	0.9457597552953797	0.9382484168761703	0.8824762150994708	0.911275151787001	0.9764129539512724	0.9863463891189812	0.8622148666677514	0.9589650040878096	0.9096536651326296	0.9847812944012796	0.9299320429445682	0.9310325599563207	0.9362173595798348	0.9266253193450907	0.9405292062013644	0.9097630169272845	0.9452527292774152	0.9578261033469841	0.9590593684552181	0.9985093801439492	0.9439773035241574	0.9808455608893009	0.9190748200882368	0.9281297636881719	0.94515669628895	0.9924135225335751	0.9421065462612569	0.9334206411786108	0.9469479898253759	
13	0.9260062764465875	0.9492594022151929	0.8948928515443576	0.8546132271684532	0.9078694276664877	0.9316677329679197	0.9320926777670117	0.8964530728730499	0.9333661199386613	0.9308456196795248	0.9761823130912394	0.9949978046333297	1.0	0.9593196453271072	0.9764224285695928	0.9966360913694291	0.9088294441159817	0.9844604181271087	0.9972145579841307	0.9940727894697241	0.9560762224051049	0.9764777228087276	0.9556596504435215	0.9623427819227918	0.9563637058317462	0.927829004659839	0.959143475991858	0.9260062764465875	0.9441090579734333	0.9820023237633999	0.9289419735893636	0.9469883527478234	0.8748905536901006	0.8926344681026904	0.8729709203071363	0.9595589498136955	0.9675698525412885	0.8920222434624245	0.9579328238608681	0.8894366095023638	0.9774027508628734	0.9634299414253638	0.9598459681950424	0.9350433555492289	0.935625568936798	0.9572409356708389	0.9428025718937216	0.9398874866718363	0.9546137800189245	0.9894327030764856	0.9845739357178828	0.9324315590881486	0.9748435064691686	0.9647980576221739	0.9482564230411652	0.896336179048045	0.9391533958980873	0.9400750126955568	0.9363386570971882	0.9759765302577179	0.9465839103941679	0.9301848466386158	0.9268843676994406	0.8693370292907251	0.9012835440403189	0.969553416112477	0.9725945876755897	0.8675668546122923	0.9593215094184959	0.8931648152853554	0.9723175250919954	0.9211446832108794	0.9406755187994004	0.9450556750413306	0.9212100247153381	0.9412166238379964	0.8991659341307218	0.9339314197129677	0.9561201262034145	0.9578831322383184	0.9968257531898408	0.9289430656865284	0.9824844640948082	0.9069126672878962	0.94054140214194	0.927829004659839	0.9956502542801391	0.9359798153197786	0.9234884788515132	0.9411239974416674	
14	0.8970206602718248	0.914860749949425	0.9380412937071726	0.9009394017245823	0.8788411839105518	0.9366806969174745	0.9030037531882201	0.9331704273362456	0.8923605300149223	0.9778218461945711	0.9438459943125352	0.9592709326397482	0.9593196453271072	1.0	0.9459680025011171	0.9597857939695285	0.9488095256100357	0.9515455924730043	0.9601196061775205	0.9592248221724909	0.9216293604849184	0.9832523737275367	0.920180906714612	0.97043254221623	0.9194987041205503	0.9748856786255871	0.9199537999756499	0.9717308807097204	0.9887759769417949	0.9480469690752037	0.8949885610751747	0.9123000236282515	0.911724381316503	0.9431290693369919	0.9113451976327112	0.9671707398341228	0.9348980197598815	0.9278521945837661	0.9217811043404771	0.9362711540536174	0.9447864630909087	0.9245889768331108	0.9228106622891052	0.9660645952026088	0.9069032876133252	0.9212379770675696	0.986589498177851	0.9078127670579126	0.91523265928385	0.9491351098145586	0.9442390700717342	0.9393253332998635	0.9329910644428864	0.9687147342554923	0.981733899526157	0.9418472179924121	0.8983922708060988	0.9823496267058911	0.9022553230989468	0.9396476032486524	0.9143599513672556	0.9008058478822606	0.9711261503149491	0.9136683107434679	0.869672868247358	0.9725921252171089	0.9405195757433891	0.8985647158058726	0.9221817843643104	0.9394809031961713	0.9388669304170663	0.8868384855763863	0.897648036052127	0.9781968959528903	0.8850245252791149	0.9026877169976293	0.9403977745320415	0.901324810270467	0.919287018796933	0.9226650436886014	0.9599368079484283	0.9365230268338269	0.9425034220907766	0.9113277873369992	0.8974659547334276	0.9748856786255871	0.9553485958070701	0.9765302194177242	0.8898241607303526	0.9066916591448544	
15	0.9525239543432864	0.9509701938610092	0.9047312332598199	0.8771169082715675	0.92471129185299	0.9406958493194123	0.9556719969864498	0.8845029699668739	0.918114681941261	0.9550108295618767	0.9967304336299695	0.9926957880509538	0.9764224285695928	0.9459680025011171	1.0	0.989939476580132	0.9286441538988666	0.9970571716548359	0.9865005032782421	0.9913545126817045	0.9518072608043271	0.9877399396395453	0.9474131097247038	0.9812177202787492	0.9377939921115435	0.9556010616739469	0.9301784157614479	0.9525239543432864	0.959143580012472	0.9916030936202216	0.9394499643113352	0.9493048790925819	0.8821238154333185	0.9191558392760696	0.8954728068584461	0.9815715899504655	0.9894265160782488	0.8769030226346111	0.950378527764759	0.9173151279063919	0.9966762894908305	0.9648783113271857	0.9452000071756699	0.9052688083402353	0.9607198507670238	0.9501805992066632	0.9565368929969984	0.9562409380634895	0.9393930972947516	0.975789254712181	0.9731111382081906	0.9505751748042357	0.957580524444477	0.9753746570602662	0.9165530668684457	0.9183808212568033	0.9208645878567684	0.9488779257929876	0.9481100046776835	0.9797260986116898	0.9517533778324458	0.9552330405247252	0.9425621136866846	0.8904439384651058	0.9179521297651968	0.9757359106986387	0.9932873618851115	0.8530007042887997	0.9468057449469239	0.9175643193191504	0.9914723888371674	0.9352539218775219	0.9136513357483482	0.9185650255386789	0.9287226509428772	0.9330052626733412	0.9146294510979196	0.9514031979053923	0.9495190602986174	0.9465854508468272	0.9872130486207342	0.950730102350243	0.971415939620272	0.9282553587417495	0.9067117656613909	0.9556010616739469	0.9782177022776131	0.9422666693115492	0.9399701381205368	0.9453644949304266	
16	0.9423164236684812	0.9565539926425556	0.9048690710897629	0.8739067405216908	0.9203770633080999	0.9406583998912567	0.9460430208900357	0.8984224813436128	0.9349086176985868	0.9462492808181411	0.9896741834041055	0.9993692065721277	0.9966360913694291	0.9597857939695285	0.989939476580132	1.0	0.9235262467683372	0.9944230989885592	0.9980970790668282	0.9985707124033966	0.9600959701121534	0.9857051929188873	0.9589073980764128	0.9752753495798069	0.955791040041375	0.9440753539524549	0.9540769415785062	0.9423164236684812	0.9549551647753978	0.9927665142008576	0.9404209305847709	0.9547148664576482	0.8858941456941053	0.9132161806846819	0.8895928894795186	0.9733907342091526	0.9820511715779119	0.8929314654214224	0.9604198291187492	0.9054329673768877	0.9904450763318277	0.9713141404065593	0.9593232136919407	0.9315421924926448	0.9494714519059693	0.9604718753015865	0.9539978916665162	0.9516366161382878	0.9550088747566532	0.9915727128851186	0.9877829628607124	0.9443498891668235	0.9767758725054013	0.9759240241229405	0.9441259413043711	0.9098866848111777	0.9399276359879869	0.9503483169665047	0.9470954960364137	0.98528206976488	0.9546783789056559	0.9457551243392763	0.9398684281781048	0.8893815665712256	0.9149918723319926	0.9784489194118846	0.9862220438567953	0.8702941245800799	0.9600025349945907	0.9079449333465297	0.985755979953902	0.933065401164514	0.9375111723031443	0.9424039743253685	0.9308898334055203	0.9452831392871839	0.9111290639399492	0.9464968993687691	0.959221637491407	0.959051434020345	0.9991334830643589	0.9421465579669597	0.9862876102923385	0.9221343220790482	0.9360037505306206	0.9440753539524549	0.9960020410776534	0.9457629953076282	0.9362991544658974	0.9500972322150684	
17	0.9062836133169955	0.9018480911737645	0.9092665276235308	0.920808844958291	0.8602652427130258	0.9119963014072354	0.890461666854632	0.8995486520652789	0.9087594629358204	0.971342131311051	0.9449288546078956	0.9196975797609517	0.9088294441159817	0.9488095256100357	0.9286441538988666	0.9235262467683372	1.0	0.9266168299220168	0.9070508166633382	0.9131962403119199	0.8830351516705682	0.9476259610712489	0.8856800583397236	0.9460700695284969	0.8704846973604007	0.9717828252093205	0.860828647654083	0.981765317952034	0.9719482356600488	0.9461996995775164	0.9167022965206317	0.9063391734583893	0.9474502314663754	0.9460938708613362	0.9716867023513709	0.9526594387946928	0.9466193698663945	0.8921620584970508	0.8865447905760078	0.9210459610248863	0.9447748724122818	0.9558562186839095	0.8745408438472605	0.9691012864383176	0.8923607555338837	0.8923148622840097	0.9824900385866323	0.906979525003946	0.8985923116897306	0.940924582281622	0.945358715639694	0.9248127999716537	0.9435005882128258	0.9716223399824786	0.9580884455420992	0.9211635433868055	0.9057366501345393	0.9829986199218139	0.916709062437035	0.9532836882253167	0.8859353606293447	0.9077626875058206	0.9668938827683328	0.9663236487013945	0.8888244930998315	0.9648128056612529	0.9376260082628664	0.9160298654689066	0.8828282316132573	0.9209959281985729	0.9524556296087554	0.9214038883823624	0.8965945268185482	0.9706287503210335	0.9207013072609332	0.9118400033573634	0.9522607910870503	0.9146014032741445	0.8969317367381837	0.8712938730872195	0.9154847781031547	0.9252650598287799	0.9449701654774266	0.9443361715226197	0.8864805938588921	0.9717828252093205	0.9307598909402354	0.9890356499560652	0.9214367126890293	0.9137879011723108	
18	0.9534986646046701	0.9564719166892848	0.9144247579575127	0.8771935544805123	0.9378504295215924	0.9483074968092319	0.9582321147570733	0.9016957615847694	0.9240252873280184	0.9566127493404898	0.9952840612079898	0.9956468877697778	0.9844604181271087	0.9515455924730043	0.9970571716548359	0.9944230989885592	0.9266168299220168	1.0	0.9917069148106861	0.9954803349299111	0.9572176980140369	0.9877277096452944	0.9554087236576257	0.9865770087923256	0.9490399067009568	0.9562987004446704	0.9410242375627845	0.9534986646046701	0.9601739894593713	0.9920908364978348	0.9437890350015599	0.9544858122631489	0.8907037462792635	0.9189365926225168	0.9049461412423259	0.9862940188789169	0.9920770577018659	0.895882222597628	0.9558735234572064	0.9179557848322684	0.9955544331159235	0.965226588132489	0.9511191084271282	0.9132815727721239	0.9572683908673664	0.9544841461683151	0.9572526182970884	0.9575015873345544	0.9446587433578255	0.9814484581186034	0.9792808390943323	0.9483970951601031	0.966606648873565	0.9819814628337085	0.9299660040983302	0.920550283273099	0.9276627683612201	0.9541931129424479	0.949128560737358	0.9811669333125681	0.9586457013540763	0.9548279742278907	0.9507997306597049	0.8902315404740986	0.9300853281448613	0.9839517414269667	0.9965976952837471	0.8713577230263281	0.953522435008919	0.9191034269248111	0.9900336464530849	0.9325470091685848	0.921172588518744	0.9260915820017704	0.9281047066151099	0.9366202574747162	0.9144192463970068	0.9520366546752749	0.952975968466313	0.9526961233035449	0.9941199926223443	0.9476246101259976	0.9792948806842338	0.9311983486769752	0.9202805909886682	0.9562987004446704	0.98576053155686	0.9478537156480089	0.9394476864958691	0.9467547957208253	
19	0.933099863369072	0.9503148819194871	0.9018233300608293	0.8587660448852623	0.9163689171724652	0.9376121441207826	0.94171266461245	0.8957101383801194	0.9227583111043559	0.9395545160994213	0.9820401544043843	0.9987415342817244	0.9972145579841307	0.9601196061775205	0.9865005032782421	0.9980970790668282	0.9070508166633382	0.9917069148106861	1.0	0.9988220879519311	0.9590591500217961	0.9846613345456616	0.9564470601835146	0.9719962812905412	0.955614953018877	0.9374110387499458	0.9558857866111342	0.933099863369072	0.9507347803443794	0.9840558136175667	0.9277876711365559	0.9470971733271867	0.8709356718346507	0.9008309138308163	0.8715389777534707	0.9688339884480961	0.9723990999041924	0.8904118944087018	0.9590087249203911	0.90101606511694	0.9829474822662941	0.9568432996438052	0.9603150841779463	0.9208248452413169	0.9458989721953132	0.9573773823377939	0.9469257386980401	0.9445955535766961	0.9494058280783819	0.9833962055605969	0.9779084237587534	0.9399047341898477	0.964436724708851	0.9667933344692853	0.9375783541274367	0.9065125563797558	0.9288181521851935	0.9417175842244253	0.9366962956914577	0.9731932947449415	0.951714344954855	0.9370039089885964	0.9321858060412391	0.8680877305403285	0.9034152525330189	0.9715597967650001	0.9793986668399305	0.8580058426952941	0.9591476588365815	0.9039085176082234	0.975568743604441	0.9190483101568987	0.9281843937538271	0.9337579863690907	0.9163990014632297	0.9345207629735226	0.9015942249722938	0.936741100154016	0.9552884428326881	0.9602661096362375	0.9986329938448057	0.9373043466329855	0.975841514428409	0.908441496693735	0.9271918292649507	0.9374110387499458	0.9909021825078941	0.9348341149202462	0.9229040494661602	0.9396818858389883	
20	0.9409074542001854	0.9535625165593111	0.9077293586020246	0.8715384341792465	0.9238822437441095	0.9418761374162907	0.9479233868325865	0.8977042053486907	0.9222808828167031	0.9472183576239267	0.9872706749321875	0.9993387070494504	0.9940727894697241	0.9592248221724909	0.9913545126817045	0.9985707124033966	0.9131962403119199	0.9954803349299111	0.9988220879519311	1.0	0.9602202821992389	0.9877961202387132	0.9577963727510084	0.9784404572698007	0.955415445099336	0.9451205376990198	0.9527744654263453	0.9409074542001854	0.9548625717005924	0.9887173566952115	0.9333173092766515	0.9505403348931384	0.8772110663757519	0.9144276090888089	0.8807875062594532	0.9753570503927206	0.9788122033098912	0.892129299123815	0.95892918739142	0.9089578899706685	0.9879681336042686	0.959081184344687	0.9585384563495601	0.9181693200826834	0.9509663911817324	0.957831692698441	0.9514787549326158	0.9492204503973874	0.9480814777641277	0.983486821698829	0.9786669695525613	0.9443323170166693	0.9651679312245293	0.9723575028713294	0.9357545346416594	0.9129754841547435	0.9284138234434349	0.9467129018515709	0.9407631363632079	0.9771661798263074	0.9557237659683626	0.9440957800495429	0.9395147791843974	0.8811902164210207	0.9114163110072374	0.9757661242457584	0.9854295865741752	0.860713785521903	0.9582348772127732	0.9112815986938845	0.9807647962473199	0.9232016728569977	0.9252601078210643	0.9314698795302103	0.9195083984375827	0.9353706375042922	0.9065200263518725	0.9417367167384778	0.9552004248260639	0.9599373286457807	0.9989733813303575	0.9423337670006954	0.9774305534599081	0.9158563194312593	0.9251871556765532	0.9451205376990198	0.9902556287487299	0.9395887312178891	0.927918611678292	0.9435179666727119	
21	0.9823764166457379	0.9956091427631464	0.9474176335412685	0.9100129637875926	0.9661687291804343	0.9828186126291263	0.9881311518012447	0.9399574764286799	0.9668604079596363	0.9116494335971032	0.9502182716932821	0.9599133258000525	0.9560762224051049	0.9216293604849184	0.9518072608043271	0.9600959701121534	0.8830351516705682	0.9572176980140369	0.9590591500217961	0.9602202821992389	1.0	0.9479269608826038	0.9989098139573293	0.9414219794557807	0.9963070272083329	0.9096034794306516	0.9927225449411358	0.9068477285104091	0.9183239892372466	0.9521194360389024	0.9774215197828954	0.9930741196452462	0.9215382528521749	0.8796090076915642	0.8561491682237173	0.9391660085676041	0.9443776862320593	0.9346640038582359	0.9992437020272927	0.9463322142476994	0.9509239921934097	0.9270864327015303	0.9978055730554934	0.8883244021001658	0.9890022879114065	0.9982877014715715	0.9161035556070615	0.9905387021738298	0.9901135983828003	0.9489165449127409	0.9452831392871839	0.9827434251223399	0.9342362104675818	0.9388030638590608	0.9046237054714654	0.9507623027857057	0.9726557060009554	0.9135095407224672	0.9833646522201733	0.942966567033848	0.9965539837109947	0.985046939288268	0.9068013974729652	0.8521324411485485	0.9568167948479901	0.9418004534729215	0.9495746712582693	0.906830750905475	0.998664860268989	0.9488545527742531	0.9452055921693847	0.9657407947572139	0.9691228261499172	0.8999365716264208	0.9629433763522444	0.9786820328178204	0.9466589028582502	0.9839582765048099	0.9960135055317807	0.9987744204815818	0.9605111158506934	0.9805570434310334	0.9447187539828221	0.9594179380447129	0.9702176681164104	0.9096034794306516	0.9545558548689003	0.907867758612928	0.9710460373078754	0.9856766393445225	
22	0.9377296310738613	0.9431459032985142	0.934685073213407	0.9021557902877818	0.9151543048258771	0.9514543476049151	0.9434113621384732	0.9175644257980543	0.9092984982806168	0.9812888251563874	0.9829758487606559	0.9878535374358293	0.9764777228087276	0.9832523737275367	0.9877399396395453	0.9857051929188873	0.9476259610712489	0.9877277096452944	0.9846613345456616	0.9877961202387132	0.9479269608826038	1.0	0.94398808523567	0.991038244191009	0.9381199405466427	0.9804414216374365	0.9332093087588252	0.9759991033011282	0.9874061895390238	0.9810474377540427	0.9260979870966577	0.9405313407510429	0.9043406588718822	0.9469288254863834	0.9120606979536613	0.9892086120903969	0.9741531508025036	0.9105615106917868	0.9461844904292124	0.9427782194600798	0.9832784863653021	0.9510849322824674	0.9438256051976109	0.9378001152205792	0.9482542888835125	0.9454910520685623	0.9838181733030286	0.943705940221931	0.9342678382785083	0.9695513398615992	0.9653680281823785	0.9586688288917454	0.9501171957549994	0.9833088362580605	0.9532696122634311	0.9452104534521223	0.9140704751638129	0.9765594003321247	0.9346811557790936	0.968427797985653	0.9453136423273343	0.940877230092279	0.9697294867413395	0.9125100864978477	0.9038857365273821	0.9852963804772438	0.9799579525424343	0.8796896727472845	0.9439939722317674	0.9440594580663647	0.9764982719576877	0.919158935394054	0.9088830241222368	0.9521433546289562	0.9136045571928828	0.9240553228177592	0.9384522456609368	0.9370119415600063	0.9435356278948525	0.9455818468603047	0.9846137052170059	0.9577839118900837	0.963723047530327	0.9302387551071891	0.9051876380430405	0.9804414216374365	0.974568551049171	0.9688246020412886	0.9237578273749418	0.9350804865014585	
23	0.9828725942384721	0.9971989463052638	0.9496935870508444	0.9138490153613903	0.9705124848124245	0.9837821571048515	0.986883759010397	0.9463633671893241	0.9720220332200696	0.911236266628709	0.9485878253295352	0.9573028660254911	0.9556596504435215	0.920180906714612	0.9474131097247038	0.9589073980764128	0.8856800583397236	0.9554087236576257	0.9564470601835146	0.9577963727510084	0.9989098139573293	0.94398808523567	1.0	0.9410826244737585	0.9981291031358702	0.9086793916244181	0.9934660560740421	0.9073057581569728	0.91646299801779	0.9521166065276208	0.9816773521115727	0.9952095871744635	0.9295766880691748	0.8814708240189554	0.8652409467101069	0.9390659403011579	0.945683202957932	0.9420092339616656	0.9984013318808423	0.9443455245735992	0.9493954777501816	0.9298897401191982	0.9960620950930412	0.8936851420790822	0.9842225329986184	0.9977112749396231	0.9154995726714819	0.990091699084034	0.991449445799468	0.951428622534295	0.9488389813052057	0.9792098330295079	0.9405222297120384	0.9419814317349877	0.9106715873253237	0.9490567198189704	0.9778114523411608	0.9159675868940624	0.9846214282714054	0.9451439715880742	0.9971378989537644	0.9845853154963106	0.9101909765878639	0.8584647523054534	0.9646243191731348	0.9446981377157866	0.9498372020186668	0.9190573503599017	0.998256712013724	0.9471712378704009	0.9448322862315636	0.9669696101654088	0.9738378493625901	0.9039745497273711	0.9655900613806276	0.9817914070055748	0.9469778497952255	0.9846016477201278	0.9953902797565854	0.9970111515710361	0.9598810400633284	0.9767129117330275	0.9494058280783819	0.9634253255140499	0.9781027052675713	0.9086793916244181	0.9565525343962632	0.9116141750180539	0.9730448560461078	0.9872996897857836	
