C:32.0 gamma:0.01 degree:4 alpha:0.1 z:0.0a:1.0	1	2	3	4	5	6	7	8	9	10	11	12	13	14	15	16	17	18	19	20	21	22	23	24	25	26	27	28	29	30	31	32	33	34	35	36	37	38	39	40	41	42	43	44	45	46	47	48	49	50	51	52	53	54	55	56	57	58	59	60	61	62	63	64	65	66	67	68	69	70	71	72	73	74	75	76	77	78	79	80	81	82	83	84	85	86	87	88	89	90	
1	1.186983487110177	1.0629222783999301	1.0460043590812655	1.1709027878784837	1.0591104601829153	1.0826994229178601	1.022099603018425	0.9984538701128273	0.9811895465612719	1.0419880294959352	0.9862377119090507	1.085320856462272	1.0067110609068473	1.0415402272156402	1.0013189714956874	0.9773391443324453	1.0218557976881475	1.006087547470666	1.007629537541006	0.9963595621389967	1.0959039423496217	1.0111360496523738	1.014149612613004	1.0125035209643118	1.0304141254223014	1.0399430087580575	1.1115769650817264	1.0810158820646887	1.0651770746142937	1.0409177347205707	1.0778097967503946	1.0999372639556766	1.0245182400714514	1.0244973930682408	0.9561927139174478	1.1122835286373647	1.0170672508994678	0.9809093093455847	1.0063495977234485	1.008663261373219	0.9907333379925813	1.0408209533039003	0.9680410844072019	1.0193150956994212	1.0034418274040329	1.0409725548406017	1.0780359604828469	0.9908707869437774	1.0586500259667728	1.0465541012966408	1.058271816588114	1.0032706721168005	0.9864540308522782	1.039072260801521	1.0396860496083058	1.077613811731693	1.0728493661577274	0.982248798026248	1.0201647757173535	1.0214215668386841	1.0715715816246105	1.0673885574822108	1.039251679196222	1.0869886310853778	1.02643777868735	1.1280153172114147	1.0390401160152156	0.9833314034841273	1.087065088835775	0.9917339199564796	0.9944406632495446	1.101593001601998	1.0554909783032687	0.9695393121799017	1.0604048674162792	0.9809974562162903	1.0430321439846932	0.9992044046065672	0.9965362319892009	1.0207729262079555	1.0411412220429932	1.0568893763283456	1.015394977460901	0.9772456095164299	0.9853867692496936	1.1014678679119587	1.1099200701516247	1.0429121487513067	1.1030028152343319	1.0146037007092055	
2	1.0629222783999301	1.2352806895684025	1.0306510075037856	1.0315117062332069	1.034127528657392	1.1182348374562114	1.0127518446473813	0.9960183728016528	1.0107106874325202	0.9790267620714806	0.9946890312265159	1.037494930897986	1.0502424228592069	1.0026318378816732	0.9841933364304322	0.9628874281131499	0.9901583678778877	0.9959664503158563	0.9943883270736866	1.0087467760637032	1.0991063793486282	1.0282651895467476	0.9584483131027869	1.029216478884484	1.0319392598737323	1.0505162208071763	1.0310081511672164	1.0191449476654575	0.9267888128102671	1.028010570522634	1.0329900432501884	1.1459784332524292	0.9245061373256359	0.9910758437773194	0.961697715139253	1.0395513559733165	0.9247359102046627	1.0140146429114079	0.9842239541254211	0.9804534548892521	0.9639966693153853	0.9871561778336347	0.9701252908462635	1.0299497445838341	0.9905997153875954	1.0494783576652273	1.00579777472227	1.0244713131135266	1.0422840428910638	0.9417353146202365	1.0043689365393589	0.9776083267789464	0.9673409135803405	1.0556495430156931	0.968720371632383	1.0307289497281513	1.0208576167038135	0.9684184114220877	0.9562258100711487	1.0195137991042549	0.9544729964852146	1.0537449947556827	0.9475678994073385	0.9868673091347282	1.0620513969612515	1.0330291784596188	0.9666711369113251	0.9753268094421227	1.048671524673043	0.932685552336511	1.0181699185542383	1.1217705431679785	0.9876137907851953	0.9956654023519171	0.9798960522089003	0.9134806149775967	1.0347307853667114	0.9542291376828247	0.9563820798954124	1.0012716159796493	1.0312023686077005	1.000802984750612	0.9374811068436983	1.036103957591804	0.9669190565905671	1.030326634775038	0.9859725248794589	0.9598087574381965	0.9694700007814352	1.0039573440463103	
3	1.0460043590812655	1.0306510075037856	1.1997647424554128	1.0653183047296442	1.130074311228262	1.1005163239465556	1.0758400253997786	1.0590121240055852	1.0934050357692824	1.0153591649527343	1.0541357406232748	1.0224742866645715	1.060608046998103	1.0661910799017622	1.0913707074816477	1.0361708389888113	1.0264798435506197	1.0243415891288905	1.0746571955317938	1.0813125680063727	1.056547814392958	1.082714036305591	1.078274767722154	1.1087261745629107	1.0697727129722834	1.1092268823966998	1.0380629338686898	1.1834934172773022	1.051082740423649	1.0140852677128855	1.0201554608536572	1.0416190163450323	1.0747810919739242	1.1074603837211963	1.0422908554597152	1.0299056501000556	0.9928991493044419	1.080029001831803	1.086142247151855	1.0952081935465863	1.0399258351642735	1.0490124154213305	1.0336299445648127	1.0917920730764632	1.0610472104508692	1.1444293060867996	1.0434634357146115	1.065779023194784	1.130276564870276	1.0635810881463152	0.9686438004727673	1.0300252866338064	1.0286627994356954	1.1293124614139187	1.0787944886401386	1.0250891277697003	1.0307411229462546	1.076122981542541	1.0782446976354132	1.079698304894189	0.9821650169969712	0.9885113523430653	1.0841162376852451	1.0903029291181687	1.163778828969381	1.023272404862008	1.0933129524506648	1.0269353125597915	1.0544729857317576	1.0360585822905475	1.0974004206262813	1.0925862053048268	1.0056643166566477	1.054607877317961	1.0211085354480984	0.9756307840369355	1.1046515184330672	1.0232747853071233	1.058068698510536	1.0397106792117574	1.0781762345920196	1.0506720272154793	1.0027950822131737	1.125753194846946	1.0478960684507805	1.0165785682814814	1.0594283056849545	1.1304993330870747	1.1040623691800329	1.0592446788855316	
4	1.1709027878784837	1.0315117062332069	1.0653183047296442	1.235176436435194	1.1144816033620475	1.1156822380882956	1.0758111727849669	1.0605246442028762	1.0286565688657578	1.0718780384874769	1.0488179028704077	1.1206859042280406	0.9907775002031228	1.0699538597843947	1.0316564801026986	1.0383429084365523	1.0856984497717297	1.046186711990875	0.9784150090110719	1.052569332670686	1.0916599582923858	1.015538475165413	1.059005075685683	1.074858137954739	1.0435751557226556	1.091903325462677	1.1383188741029924	1.09650301845094	1.0801936518241486	1.0544958632751118	1.0930302843411261	1.0885671401258876	1.0766768616296436	1.0668269603471165	1.0322208892935691	1.188356089675659	1.0561470744706725	1.0469684185747548	1.0623392775679965	1.046189437379884	1.0500835551003878	1.0968760307677228	1.0309048013002728	1.0663485180041983	1.0245822210639661	1.091969032110625	1.1309064025051943	1.0381941684241016	1.111345304028099	1.063746787272275	1.0675608985373273	1.02344534778261	1.0422242479617454	1.0903842934049681	1.0972825446494483	1.1221319581169598	1.1243912071491742	1.0142368127293784	1.017495145140079	1.049019576214989	1.090567062686828	1.0416969810164498	1.1178856878862173	1.1042782889733809	1.0627527308785751	1.1886157926509506	1.0723312677057661	1.0413015077728403	1.1679672394581406	1.0338506753761851	1.054080534227219	1.1248298580027196	1.0933232361657053	1.0034664282986556	1.1007220930025812	1.0363038975164287	1.049595737137595	1.0663532386607113	1.0513385399831323	1.0580879940882226	1.0456743286133297	1.0506413242038188	1.087662180933739	1.005953968651357	1.044575504022869	1.1797476772239814	1.1835226794646587	1.0808656273559811	1.118018550148272	1.07137241588218	
5	1.0591104601829153	1.034127528657392	1.130074311228262	1.1144816033620475	1.2001621080234304	1.1324218012656635	1.111754107763529	1.1487617210314787	1.112430818752408	1.0547405109963204	1.1261036656054273	1.1110848785776257	1.040362415838495	1.1510203438091746	1.130716771422677	1.0600907847852572	1.1179544071884862	1.0942432313389618	1.0676951476081118	1.1362554817849242	1.0814445715945649	1.090086860951356	1.1226826448849079	1.141618530258616	1.0671867441729348	1.1699880088063301	1.0447365555579238	1.1524096699051916	1.0616304344833742	1.0717488302715228	0.9943614281762084	1.0607120655880447	1.086401183438865	1.0721510475277096	1.0792343393506207	1.134076579088873	1.0641331821021742	1.1263410982762974	1.1399921606147694	1.1225832485116396	1.1229615029856705	1.1100379459470529	1.0570686749272924	1.134708802994394	1.0818624570410005	1.1873957342653203	1.1516486890983884	1.1009883981090294	1.204445495638789	1.1091143108781603	1.0239958267338056	1.0720939782570036	1.0708447853400878	1.175557799010895	1.1537953481615595	1.1137294907626663	1.0336547946777463	1.0227296300910935	1.0433151775141165	1.1069078158162857	1.015660291509877	1.0437826451908647	1.1175366574776464	1.1105984254061791	1.176472127954519	1.1326201021506703	1.1315358932280972	1.1207732664633852	1.1320122224887725	1.0995499323362432	1.144342943560089	1.134459063836293	1.0589081706333605	1.0740769484505561	1.099546559437508	1.032139148154959	1.1172998765359101	1.1333352164734694	1.0940348558240693	1.0550033997916108	1.0991702288591758	1.1089260107069605	1.085140207970522	1.1276032172463017	1.117688117801809	1.1321642897916342	1.1083463811803416	1.095979862170262	1.1029787897665122	1.1625713045124768	
6	1.0826994229178601	1.1182348374562114	1.1005163239465556	1.1156822380882956	1.1324218012656635	1.2099471360869751	1.084262049602473	1.078587563266422	1.0985024954468199	1.0394064675450418	1.0722975053858046	1.1359399164407917	1.0939941525327603	1.0983945698230428	1.0729437116089762	1.0429782607147173	1.0795492083057987	1.081096281924741	1.0530701468937793	1.0888937120306859	1.141950890547988	1.0811621418363953	1.036056415306844	1.1137802153131207	1.1027868874565805	1.127091713293983	1.0752139343813687	1.0903828681509324	0.9516386037973839	1.1120087609053204	1.038511789307019	1.1240140461183807	0.9989534518222278	1.0537179821501939	1.0259809783180929	1.1343415613100116	0.9961767674840765	1.0743529522809712	1.0770871200743029	1.0465735298199783	1.0539554610331652	1.0730175629625012	1.0508503149011648	1.1038629254222396	1.0620503820786407	1.1380333533784366	1.1006415696627652	1.104493128132577	1.1402155401721221	1.0052270258677771	1.0510397202321589	1.036765318386579	1.0484085916186954	1.1403482171016677	1.0544148355032663	1.1308453540598828	1.0655173399476374	1.0306970305104373	0.9775278692352242	1.0800530640550894	0.9878936058702006	1.037059175511052	1.0324375559077563	1.062644767295461	1.1489493367338757	1.1305050275535835	1.0388746919930656	1.0643315920883976	1.1430123845239144	1.0076088386808908	1.0970915991880454	1.2038710996361155	1.0402317865516955	1.0620113202931625	1.053175675060944	0.9953822624657948	1.0971129038261807	1.0450177281653177	1.0103071928411236	1.0701326029167284	1.067722818945062	1.0647462710216695	1.0297828667103655	1.1192926104255958	1.0614660312628497	1.1278767129628344	1.0486229496947252	1.0207328854729316	0.9916593519758602	1.0930969384111637	
7	1.022099603018425	1.0127518446473813	1.0758400253997786	1.0758111727849669	1.111754107763529	1.084262049602473	1.1837995138405486	1.1236315348034631	1.0506381757072236	1.1010256875466808	1.1346862129095048	1.030577244819283	1.0329638753379184	1.0155859536212228	1.0295240403819526	1.1124545178639877	1.1040754701083713	1.0848645001322967	1.0112195840224076	1.121663718488768	1.10017120134205	1.0513201568783979	1.0881337124519581	1.1072561317637797	1.0548624842735337	1.1583756153235472	1.0332136823644378	1.05888937294527	1.0407429352878834	1.0585976281537612	1.0618266550265596	1.0785269085363753	1.0509796458543028	1.0462949989956996	1.0661203277060076	1.1338946696681977	1.0839600983768438	1.1088595875358898	1.0755546837893721	1.1386428370639123	1.0260885818993009	1.147026260648602	1.11764302453145	1.1292109965119794	1.06532901754535	1.1377204227094488	1.1214280267345391	1.1365136192836631	1.1098288177045537	1.10973683296596	1.0741287973871405	1.0345098329600915	1.0919202288192038	1.141530268606059	1.1231145783829837	1.0743464700135315	1.0555496079553763	1.061468099735903	0.9913420346617516	1.1581277612196803	0.9993621268284405	0.9928381422174716	1.0886536420510886	0.9751240993621999	1.1179345995847818	1.1068168861098986	1.0944293301250214	1.0640287871793266	1.1628495353622585	1.0731645155662224	1.1740430521614431	1.0813674554033306	1.0594094531292153	1.0729563788258492	1.1039325746371091	1.0156822189502235	1.1048657284108911	1.0868755228467777	1.0720065087851456	1.104826816145685	1.1228597566939447	0.9975793993745894	1.0866943270232698	1.0688589862942994	1.0528049084890543	1.1302593692330918	1.0982430389289333	1.1029245295113155	1.0823104168766382	1.0916894442045955	
8	0.9984538701128273	0.9960183728016528	1.0590121240055852	1.0605246442028762	1.1487617210314787	1.078587563266422	1.1236315348034631	1.238821195759064	1.1589457139802397	1.1238437012370954	1.2350946234293025	1.1305519216793292	1.0803031199919395	1.1611616893571084	1.1427820327243294	1.1455537669332916	1.1851872671558168	1.1597999366784555	1.0971347191048042	1.2251385045549623	1.0614952712634487	1.143535571875766	1.177215208782234	1.1226816833852455	1.0946094943111935	1.1727087768987443	1.0837327689741456	1.059810103761013	1.102454837545061	1.1268965092094594	1.0719647121211182	1.0486412427961518	1.1208208895399145	1.1210823033954456	1.1542514975514049	1.1222478341118554	1.127679149523165	1.1157989283898067	1.1875270547566197	1.1124363237152077	1.154936038161763	1.108015796778141	1.151190479179298	1.1309102862780966	1.1161810254942344	1.1564520371250913	1.121926055270943	1.0924999096312003	1.1511415552212243	1.0887995641541057	1.1123111745574312	1.1249454875527027	1.1364936817566176	1.1602564258391184	1.127963719713387	1.066827233656675	1.0899403921232722	1.0675235153666638	1.047882755049368	1.1004492432424824	1.0528341378319144	1.075443755891101	1.176789570353811	1.0950411005457037	1.1325170190004588	1.1057562543844057	1.0900246013046018	1.1836046180495847	1.1326231385611303	1.1576628552388368	1.1634432079292316	1.0783070899020208	1.0339706269163977	1.153151561248036	1.0759689247757789	1.0719188111939926	1.0653636200867243	1.205019113106443	1.0622107801323168	1.1272256861199987	1.1053660312321998	1.1207494753625302	1.1492706264052384	1.1707681799207879	1.1639703778556056	1.1211438443798187	1.0717799335741607	1.0594886354626043	1.057393418202593	1.2266188519799726	
9	0.9811895465612719	1.0107106874325202	1.0934050357692824	1.0286565688657578	1.112430818752408	1.0985024954468199	1.0506381757072236	1.1589457139802397	1.2035553732216144	1.034621075876685	1.1673889388310106	1.0973496651145596	1.1062826949877165	1.1440831276247243	1.1410195733503163	1.1153661144496934	1.1077484257974366	1.1157279571084648	1.1120661844218362	1.1729612047524383	1.036800080951498	1.1471323121792678	1.112094389490483	1.1525951145576736	1.0822566319169353	1.1252060300072944	1.0683090142260478	1.0568958959255244	1.0229985625841018	1.1001460330516653	1.048412820505402	1.037443719254474	1.070146382571435	1.1629331007853243	1.1672891711628375	1.0504213405642253	1.0250329648518437	1.126245569171231	1.1600493995261545	1.0488871557276507	1.1599478271941173	1.0456908136808705	1.12983776968438	1.0962335450744	1.082502825049613	1.1240871126769585	1.0437027497614462	1.0589777394664701	1.1148900251916039	1.0087206681238516	1.0472118906943062	1.0943053494167472	1.0778723513354542	1.136453937535288	1.0481712533005945	1.019882212653319	1.0627899249060333	1.0645275514280677	1.0228651042950854	1.037679634229235	1.017817961493776	1.0406391792867562	1.1264821047883105	1.111469505470062	1.1326728165340842	1.0419471861844194	1.051617997627794	1.134857757885392	1.0651862614939434	1.0765142846223141	1.1124106109336844	1.0774934619208114	1.0290383075433298	1.1420692897856404	0.9997205899812099	1.0641252425809269	1.0251741120949962	1.1167056652129672	1.048363170128252	1.0804705640309478	1.0701038353432224	1.101545889056034	1.0716945658407444	1.1913242007218847	1.1296170311207612	1.0433440382776609	1.0135315844343185	1.0275050737956701	0.9875862198314969	1.1599169725152936	
10	1.0419880294959352	0.9790267620714806	1.0153591649527343	1.0718780384874769	1.0547405109963204	1.0394064675450418	1.1010256875466808	1.1238437012370954	1.034621075876685	1.2380578294898992	1.1058260829050799	1.1089178965963564	1.0514402557668086	1.0538886247313128	1.0940117094566861	1.1150490885939417	1.1299341026346317	1.090879604711846	1.0342077542784334	1.0949762667540595	1.1044631951084678	1.0674934351770966	1.1488874001134195	1.0095592231961465	1.1576485514904145	1.0504899471543385	1.0711390936716243	1.0449310296279526	1.1300609794478171	1.0993304900500265	1.0926196938986301	1.0417991602270271	1.104296852768341	1.0216482947257564	1.06689768779298	1.116280249252121	1.1747176905401728	1.0379441884795868	1.0993816512167942	1.1047111769666111	1.079656474065549	1.0753468095942873	1.0985800473451286	1.0231257382197658	1.1335630696520769	1.0487119293141998	1.0777022076820244	1.0439354998773847	1.0510160245699665	1.1217159020266227	1.1585281896707857	1.0745606130853873	1.1059521724319623	1.0340184386992626	1.0980967749864643	1.063501756945785	1.0753483622699525	1.0543945363971692	1.0694420339369364	1.121033970236845	1.0346323863356928	1.0643443736501024	1.098456057110842	1.0197927872135208	1.026914431363139	1.1029209605948032	1.1128193192377607	1.0770711283102408	1.1127063022772772	1.147492810069822	1.0547671142059838	1.0536356810962304	1.0575464582906011	1.0446432021931678	1.0944377579788787	1.0748825151183865	1.1023877815026355	1.117967884563934	1.0689088673109688	1.1910293233930003	1.0762155994558336	1.0769539895612752	1.1329840772783026	1.0452405451926436	1.0674931735794055	1.1151366761961976	1.0453641239427878	1.0716106680313051	1.0982782368739061	1.109913245782342	
11	0.9862377119090507	0.9946890312265159	1.0541357406232748	1.0488179028704077	1.1261036656054273	1.0722975053858046	1.1346862129095048	1.2350946234293025	1.1673889388310106	1.1058260829050799	1.2537712985545648	1.09800605754769	1.0869958153765555	1.1260000801900643	1.108575717651032	1.1615091701180116	1.1683985360691957	1.1536650533156836	1.0924043270061163	1.2355085807424666	1.0634151298475485	1.1499978182863853	1.1567571618600787	1.140528532225903	1.0729299952376619	1.1868165938891315	1.0878122381600557	1.02913520024757	1.0811634355003832	1.120902894439054	1.1048614925822753	1.0594721745440672	1.1078591811451663	1.1476872555087794	1.1711576240993766	1.1161397454010507	1.104235033443844	1.125674643691955	1.1726450889845346	1.1101304216402128	1.130696099048998	1.112586472500521	1.1767225451012664	1.1514354506849607	1.0910117784502593	1.1512357487346616	1.0991022529487873	1.1033387094256901	1.1269177655419824	1.072193906300584	1.1236753282793281	1.126132817008653	1.136064158731128	1.1693650924698367	1.110465607216001	1.0482468203915412	1.107231625141652	1.0836829115977091	1.0253896426377855	1.0951397025969938	1.0519511971567685	1.0509674812810819	1.1775444610166867	1.0679588323176712	1.1281158995776268	1.0909556377476266	1.0663165481822061	1.1768290717369698	1.1387326759207324	1.1366416567036337	1.1882841484536486	1.0653839260990874	1.0351824211883054	1.1809138944807676	1.0612607647655496	1.0627477982292979	1.0374474395554794	1.1894535661058825	1.0540138580208855	1.1259547175949565	1.1239607228927655	1.089024976917794	1.1358493055773842	1.1715047171164388	1.154388934834457	1.1129773168791377	1.0641951433353747	1.060818416381709	1.0354057515254778	1.206966079329463	
12	1.085320856462272	1.037494930897986	1.0224742866645715	1.1206859042280406	1.1110848785776257	1.1359399164407917	1.030577244819283	1.1305519216793292	1.0973496651145596	1.1089178965963564	1.09800605754769	1.2371698851268205	1.0790358451494078	1.1909325978994478	1.1327708377974368	1.059642185691058	1.1541734875718004	1.138867878149437	1.0934706633310798	1.1130256159522838	1.0754833719457144	1.0844946517293588	1.1026069030695491	1.0326996287899546	1.1353539317215022	1.064282299231568	1.131571247147514	1.0625161901474596	1.0496632299823931	1.179760345912399	1.0433933738087742	1.0482957831866155	1.0709506373534354	1.0464284971100675	1.0427689167640548	1.1300061352988346	1.0977617616777178	1.009208893184253	1.1278994336435162	1.0079671847552432	1.1250308025599327	1.0522771992303381	1.0548318040475784	1.0366048208294394	1.1100759903192912	1.0842889571247956	1.1225941747683876	1.0366549490590935	1.1184650149411597	1.0177310481916058	1.1049123995848775	1.0770915018043894	1.0936245102658564	1.0722147283580286	1.057176786966695	1.1408249255382499	1.0977739559261044	1.0314822370206636	1.0376137123661675	1.0309646911084425	1.0748138408787318	1.107128752915966	1.0925464852754638	1.147259621081765	1.0746108996085284	1.1481306464660281	1.028598385065622	1.1245093364161696	1.1093817646538218	1.0883200230954535	1.0250776335941643	1.1463559902455545	1.011921788360925	1.0587046035923608	1.0589905893023472	1.073061546337472	1.0622790976897274	1.132987279659652	0.9873728348146696	1.100025011634762	0.9968102618230873	1.1468916753066976	1.1169001327035137	1.1138130197397846	1.1199577891736463	1.1319578775025794	1.0559064730154848	0.9805140175144623	1.0015392917736663	1.1636393697994274	
13	1.0067110609068473	1.0502424228592069	1.060608046998103	0.9907775002031228	1.040362415838495	1.0939941525327603	1.0329638753379184	1.0803031199919395	1.1062826949877165	1.0514402557668086	1.0869958153765555	1.0790358451494078	1.1843723459966977	1.0852506088099974	1.0781677285288758	1.0598074110791567	1.067541414647645	1.0801262416539308	1.1151814094134924	1.1033485527279576	1.1040725997640992	1.1552161402310794	1.0575872659194105	1.0380102624023566	1.1079469602237153	1.068474514938707	1.0524176888865624	1.0407618904574798	0.9828024036851432	1.0799558919470595	1.0698609862274808	1.0533560695634485	1.0116834467364233	1.0886566383694856	1.0221820932802475	1.0069013025492848	1.0138443083695698	0.996499102475094	1.0745600003376703	1.0117047398129886	1.0275714826193312	0.9988462910899916	1.0660781756081164	1.0520773295596462	1.0944876857530939	1.0631801210646774	1.0017632105343084	1.037847357224954	1.046932962088882	0.9739097595144894	1.0829505710007252	1.0889428417805789	1.0560278004586632	1.0727949757920199	0.9817658348870565	0.9921927454310768	1.0405953045064353	1.0699076091525586	1.0186636030402587	1.047567833481034	0.9982156829066009	1.0738623885204923	1.0282354976731831	1.0675695394481033	1.0821652005357316	0.998792839169313	0.9923803586939169	1.0548923775940762	1.0182796521912427	1.0258528283819373	1.0356895696867199	1.099238598856454	0.9996662592132057	1.1061673857661658	0.9955534722931135	0.9781180701129573	1.0641732817631382	1.0290056495509128	0.9492266158421738	1.0752291328196684	1.0831337586208527	1.1094186387866696	1.0152078102042092	1.1413469426592313	1.0490053656894798	0.9933374159810123	0.9509370964946858	0.9907667782175841	0.9567037946357213	1.0833338401056472	
14	1.0415402272156402	1.0026318378816732	1.0661910799017622	1.0699538597843947	1.1510203438091746	1.0983945698230428	1.0155859536212228	1.1611616893571084	1.1440831276247243	1.0538886247313128	1.1260000801900643	1.1909325978994478	1.0852506088099974	1.2420838194737325	1.1824571495031302	1.0487797071660603	1.1423077963489856	1.1315985298008695	1.141455958974229	1.1450180050924983	1.0326216662551762	1.128070336886558	1.1357377258065733	1.0715003880022307	1.09423107199433	1.0951672277046556	1.0814644746990574	1.1072220976422948	1.0761916341353672	1.1316994292860554	0.9928288039553257	1.0055325847271852	1.105150658929112	1.084682501877306	1.0774527896525967	1.074374199073587	1.0837458549857217	1.044627873799247	1.167631544366117	1.0383612298356055	1.1709192997284021	1.038738584102658	1.0441048140750242	1.0713356583251188	1.1084600074304045	1.1210730172181864	1.1112821262867982	1.0327120548695692	1.1596015676908267	1.0455637238994209	1.0517317792153105	1.1193716829220077	1.0857266980859681	1.10770724297505	1.088220110974621	1.0971477197774746	1.0477806398301472	1.0292801160945877	1.080596163312771	1.0209045014819138	1.068303536913715	1.1075741717861425	1.1210483415384878	1.1982655224018817	1.1171219839383137	1.094194584526574	1.0636179257224334	1.1655333210044616	1.0532087860910357	1.1223814068668567	1.0536147098998132	1.107141401285973	1.0086254672010544	1.0978903986982695	1.0499795019836142	1.071742270060076	1.0611203606592758	1.1665298929271826	1.02242491816045	1.0489592464238067	1.028158808520119	1.1970146002516384	1.1044327063440311	1.1611066028148807	1.1631457327291617	1.0767353036335932	1.042176742724606	1.01156282900584	1.0281978098399176	1.2009069425416494	
15	1.0013189714956874	0.9841933364304322	1.0913707074816477	1.0316564801026986	1.130716771422677	1.0729437116089762	1.0295240403819526	1.1427820327243294	1.1410195733503163	1.0940117094566861	1.108575717651032	1.1327708377974368	1.0781677285288758	1.1824571495031302	1.1964472167785642	1.0728384788842948	1.1186283646972426	1.1029621949344104	1.1149866659830476	1.1240644604354761	1.0319354264348115	1.1173825528817156	1.153674271096615	1.0775637017416062	1.126835135290749	1.071667051038304	1.0371824146440012	1.120090023001942	1.0889720630410247	1.089860169815153	0.983937811791743	0.996188096677746	1.1115878015126845	1.076805336106573	1.105168921053423	1.0445913707721453	1.0936430422779093	1.080288185053096	1.1643940811888809	1.075514161899524	1.1785294480609199	1.0307581785596995	1.0627212089660025	1.0477642048368245	1.1336347550407009	1.1069733458416344	1.0718715584976608	1.0357732531974386	1.1344098560779534	1.0731774011458894	1.0351712393102668	1.1013922065834179	1.08125961275811	1.085625291684339	1.0939129983369464	1.0550087845358052	1.018430851082959	1.0417917150488798	1.102199491440729	1.0565804037135647	1.0205007902085073	1.0786539255963599	1.108893987687801	1.1408511164043638	1.1120689440947107	1.0518220058985948	1.1131274112016418	1.136349884774763	1.0350343726878306	1.1392457840373145	1.0547085223187347	1.0730501994550548	1.023768903849278	1.0798818917353514	1.042238859967842	1.0830984702455628	1.0913249555322373	1.1411686577695084	1.0760031260890608	1.088007683084856	1.041113973081545	1.1580874806669024	1.0956908802404655	1.1525853589053336	1.1394399979626855	1.0454245062902123	1.0169597702916455	1.0494844102749665	1.0562459028874236	1.168223913861007	
16	0.9773391443324453	0.9628874281131499	1.0361708389888113	1.0383429084365523	1.0600907847852572	1.0429782607147173	1.1124545178639877	1.1455537669332916	1.1153661144496934	1.1150490885939417	1.1615091701180116	1.059642185691058	1.0598074110791567	1.0487797071660603	1.0728384788842948	1.159498712301695	1.126619817826069	1.1144375524048509	1.03883112703935	1.1463088535313957	1.039884932437192	1.081394325125769	1.1136191100790718	1.0958520748256941	1.0820403549779132	1.0980775259996536	1.0686553807330244	1.006187812927869	1.0609145474213133	1.0877356693760587	1.0920440303786063	1.0318989968609353	1.0786084798884554	1.107750645857204	1.145577037287826	1.0824886179615854	1.097474892279811	1.0997291847102093	1.116397544225289	1.0752852889773052	1.097978300735355	1.092632690702949	1.1685015910414949	1.0699219578984402	1.0891330498588492	1.079285458902359	1.0608971098235467	1.0769512371224252	1.0560441271308478	1.0493865232486268	1.0944358497704625	1.059416111384569	1.1112589811041407	1.0888070068162041	1.06305236516062	1.0188054216563383	1.0867042969733731	1.0864366695456034	1.00948227953897	1.088865047665759	1.0340027398834548	1.0169269801862677	1.1278558187498087	1.017013577383322	1.0654978715920762	1.0597527238036024	1.057837978103057	1.096271097109428	1.1060140357642805	1.0932824057764496	1.1148486602513568	1.0283723786469323	1.0459243890445045	1.1033328729842162	1.0424970534247782	1.0832786591498622	1.036198138786738	1.1111040745757408	1.0563096938905907	1.1349755794126541	1.0660606004830528	1.0237048705129534	1.1185043440161206	1.1032660154445635	1.0865317039794962	1.0782675688132721	1.0530579138867668	1.0514700787894733	1.0235483555397582	1.1170763509338217	
17	1.0218557976881475	0.9901583678778877	1.0264798435506197	1.0856984497717297	1.1179544071884862	1.0795492083057987	1.1040754701083713	1.1851872671558168	1.1077484257974366	1.1299341026346317	1.1683985360691957	1.1541734875718004	1.067541414647645	1.1423077963489856	1.1186283646972426	1.126619817826069	1.1868835451224031	1.153002682275874	1.0572942478282477	1.165099655680076	1.0553640070143864	1.093388226783179	1.1436657054222756	1.0676957882743072	1.1024002516022915	1.1134413975457345	1.0946290383334856	1.0467292600193066	1.0858779496524575	1.124983897803476	1.0603019098740942	1.036014040427031	1.0993537048978153	1.0734989478037964	1.1004718337464057	1.1284866823573225	1.1383741682517636	1.0616403261828504	1.149810344510198	1.066933555822776	1.126233282821291	1.099150107324201	1.1249759272908657	1.0744901410666197	1.121873330367172	1.1107377970993697	1.1317243165721982	1.0741376640775098	1.1202940495477327	1.0583723145796924	1.1041666305911157	1.0858095015722478	1.1315509222420046	1.1057476484092867	1.0971310967798509	1.0821230744601178	1.0919554557346365	1.0594849530144634	1.0335709529783852	1.087953591680459	1.0677910136774027	1.0866262819563328	1.1429743803580108	1.0889605514421508	1.0859450453364965	1.1197495513896119	1.0627529097670458	1.1416681041549572	1.1273316732365162	1.1260029111061358	1.0954939047903647	1.084522902918749	1.0358526310669738	1.0913168755455254	1.0840212947878898	1.0810008198302032	1.071669407371419	1.1678313642653706	1.029842325301996	1.1207416261133565	1.0476226330012952	1.102878160646906	1.1567432705493563	1.1177238735503547	1.1282927459283598	1.1282176288753518	1.08784770150631	1.027685451921686	1.0413611698351877	1.185962380256767	
18	1.006087547470666	0.9959664503158563	1.0243415891288905	1.046186711990875	1.0942432313389618	1.081096281924741	1.0848645001322967	1.1597999366784555	1.1157279571084648	1.090879604711846	1.1536650533156836	1.138867878149437	1.0801262416539308	1.1315985298008695	1.1029621949344104	1.1144375524048509	1.153002682275874	1.152572517835368	1.0944505929522519	1.1533532672813718	1.0458110535370098	1.0936365452815566	1.1094362825167035	1.0704182043492587	1.0910483627577816	1.1027367305837574	1.0833572535050575	1.0227510729713276	1.0439477910969406	1.1506310659383479	1.0450443172090398	1.0341533914258514	1.0570740701338657	1.072335632745133	1.090741181299917	1.0906392273125978	1.0978206269842001	1.0571697267611182	1.1287431771503436	1.0412872608884123	1.1104763213508622	1.0873701919205483	1.1214551968687998	1.064534407245268	1.1022147191969276	1.0983102617706149	1.1087407112614114	1.0681459812924894	1.0979457525182492	1.0360940897793791	1.093364622419062	1.0635659776810518	1.104939467076157	1.0999687775083338	1.0585312038141519	1.067578206686372	1.0652487113222564	1.0523739145735869	1.0015178021295321	1.0699765743160161	1.045519830691526	1.0638378601232723	1.1031252760685697	1.0721471332676933	1.0872367606854276	1.092290656408316	1.0339300364188655	1.1171134290820908	1.0978847745623281	1.088336852215977	1.0899531467410157	1.0773815209630082	1.0114276545141714	1.0923889493748793	1.0465721427263328	1.0680687506764954	1.0523036050167989	1.1301693098919168	1.0041306530107554	1.102271319176065	1.0379391242002447	1.0865662220132135	1.1150007692359878	1.1311145310207067	1.1038433479409584	1.0899006489062384	1.0410601164853341	0.997174848622338	0.9955873261051831	1.1586677195650952	
19	1.007629537541006	0.9943883270736866	1.0746571955317938	0.9784150090110719	1.0676951476081118	1.0530701468937793	1.0112195840224076	1.0971347191048042	1.1120661844218362	1.0342077542784334	1.0924043270061163	1.0934706633310798	1.1151814094134924	1.141455958974229	1.1149866659830476	1.03883112703935	1.0572942478282477	1.0944505929522519	1.1989103998782196	1.111268073728995	1.0358486493830021	1.131062137271699	1.0862793554503654	1.0424322553614558	1.0837200506100892	1.0658861049680153	1.047041146697241	1.0675696048717371	1.0428729999552375	1.1323511870017988	1.0083693483703404	0.9978213333275991	1.0450807858089102	1.0807348401365025	1.0390551704036548	0.9858131451796959	1.0346021580844549	1.0143626470665459	1.0992751850515785	1.028407438764013	1.0755938102628213	1.015222005518691	1.0431100879336834	1.0461778220178677	1.0796615565392702	1.077998554990965	1.0339962518294405	1.0161174083056297	1.073585204250204	1.0434213562611079	1.0554955758495328	1.0762073481513843	1.0393255250256055	1.0753285587522914	1.02040148710946	1.0195926880888555	1.002718607944463	1.0461787953058466	1.0478251186979068	1.0251451976058057	1.013801812128636	1.0413269579532916	1.050463868067169	1.1120502010580835	1.0962376673181595	1.0079746248060817	1.0281549751603873	1.074187018156003	0.9924924251305274	1.0648771688467378	1.0470010532818472	1.053747004428964	0.9628063361260928	1.0952187907700128	0.9887264871085197	1.0145351038369357	1.0467757441240404	1.0669824554931497	0.9812034680057695	1.0493726468662277	1.0526559192022131	1.1325185963268076	1.019334277994196	1.153771689879303	1.074386850225914	0.9812254842662103	0.95193549627139	1.0064472773755269	0.9948393044307338	1.1066697292285887	
20	0.9963595621389967	1.0087467760637032	1.0813125680063727	1.052569332670686	1.1362554817849242	1.0888937120306859	1.121663718488768	1.2251385045549623	1.1729612047524383	1.0949762667540595	1.2355085807424666	1.1130256159522838	1.1033485527279576	1.1450180050924983	1.1240644604354761	1.1463088535313957	1.165099655680076	1.1533532672813718	1.111268073728995	1.2320764867563012	1.0616517651487862	1.1577169148059494	1.1565418328833146	1.1305742086952346	1.0892285090313585	1.1791213059386811	1.098683733987776	1.0602049117122352	1.0800908505067646	1.126388786990055	1.0957792391355392	1.055463304801746	1.1078015856994217	1.154255655625856	1.1496187617562659	1.099888175419939	1.0899099761916324	1.1060112896584526	1.1770708883259926	1.0950497533573547	1.1247922710828104	1.0979226354142486	1.1587369302631108	1.1385884682156542	1.1029667380271546	1.1603432016884465	1.0957627433388881	1.0928562973698717	1.138890092959731	1.0566158907069079	1.1019760453791203	1.1157326525437616	1.1285147509083888	1.1708670075747911	1.0968001571436852	1.0440815122202278	1.1051863454911	1.091247267940652	1.0379493715855965	1.088918855616764	1.0460895830451915	1.0562332575235476	1.1746206884069055	1.0961363824822463	1.1455280691160743	1.080397208216123	1.0580632432701127	1.1621429419251845	1.1240761036428664	1.1232667216450445	1.1681163493013829	1.083210594486222	1.0124203118561363	1.1691920576901529	1.0457500826089257	1.0442798406332332	1.0516488384196927	1.1717952811559782	1.032734265987568	1.1189598272104793	1.1065052498093904	1.1033412793875648	1.1206046497014597	1.1928624675937392	1.1479550365675908	1.0929151920487403	1.0596087088543114	1.0579783274925336	1.0357251247631474	1.2061741960608958	
21	1.0959039423496217	1.0991063793486282	1.056547814392958	1.0916599582923858	1.0814445715945649	1.141950890547988	1.10017120134205	1.0614952712634487	1.036800080951498	1.1044631951084678	1.0634151298475485	1.0754833719457144	1.1040725997640992	1.0326216662551762	1.0319354264348115	1.039884932437192	1.0553640070143864	1.0458110535370098	1.0358486493830021	1.0616517651487862	1.2041602836392085	1.094790778301356	1.0453537549739065	1.074390149832826	1.096120368259852	1.1161238753285112	1.041600691789511	1.0573168785535754	0.9874986903294911	1.0659466608723849	1.0753094799134204	1.1370579442054565	0.988308621288951	1.0218990146828766	1.0019486433926588	1.1326227618176379	1.0329731913950395	1.0552310856969778	1.038092815821493	1.0814794241464671	1.0092667492958276	1.0691788256854076	1.0393975994757692	1.0876517660678056	1.0598872260210759	1.092364463994854	1.0756319645573322	1.0730075061232542	1.0846198355922791	1.0674130660903907	1.1262744332135213	1.056634363259845	1.0256067039585819	1.1037772862888935	1.0599707722667313	1.0744861447560028	1.0317242189123181	0.9976936682464431	0.9718413852529884	1.1185350143668962	0.9788038630267586	1.0539851285345434	1.0076714169413659	1.0043716597535892	1.088798659960169	1.1200491319688641	1.0771860635148285	1.0264304380365785	1.1278917138122475	1.0246353789895148	1.083292175652018	1.156974656185571	1.0962461072337593	1.0462094489006888	1.0853801435331134	0.9717046383056457	1.113050579607456	1.024044178716275	1.029657263508471	1.0980574372837093	1.1567186756308412	1.0723627440926806	1.0197038168536272	1.0480049187978189	1.0084021348945205	1.120457812954784	1.020978979848314	1.0423197587483723	1.038759101903584	1.0587666424559434	
22	1.0111360496523738	1.0282651895467476	1.082714036305591	1.015538475165413	1.090086860951356	1.0811621418363953	1.0513201568783979	1.143535571875766	1.1471323121792678	1.0674934351770966	1.1499978182863853	1.0844946517293588	1.1552161402310794	1.128070336886558	1.1173825528817156	1.081394325125769	1.093388226783179	1.0936365452815566	1.131062137271699	1.1577169148059494	1.094790778301356	1.1838274052446536	1.1143961047380515	1.0904397372216394	1.0939563066564875	1.1212207656353042	1.0612794556345857	1.0685057126076538	1.0441231347665607	1.0786470108004809	1.0769081171043202	1.0511597500905383	1.0656808812138188	1.1332879889582748	1.0881084861928216	1.0376609406082755	1.0415023551488902	1.0554827313619288	1.1281747537762354	1.0602876329736346	1.0892284420769844	1.0244614199341395	1.086925425472264	1.0956787793344864	1.0937150855396083	1.1073238264382168	1.028816416039895	1.0406891319055285	1.0945958891131482	1.0305424484042016	1.095293465998781	1.1286806165191683	1.0685587789040638	1.1193469934825355	1.0420176126181446	0.9992566766687869	1.0514991214839802	1.0605454090380937	1.0475413639796305	1.0565149986069535	1.0185373798908395	1.0780911006535416	1.0969711776573254	1.106512858273457	1.112787431829095	1.0271965333522497	1.0478888243071591	1.1094000109740363	1.0439986512851034	1.0823402454048345	1.0883839210436248	1.0860291948950096	1.0263443161978933	1.1425263153668437	1.018345317144108	1.0042543757504168	1.0571960115571168	1.0956732405675	1.0085893517624935	1.083624814702004	1.1269743218142207	1.145071115009409	1.0487207023347502	1.165460070585247	1.0983944677171786	1.0251636343194261	0.9866658059212038	1.035927626397044	1.013848897090123	1.1430300023301356	
23	1.014149612613004	0.9584483131027869	1.078274767722154	1.059005075685683	1.1226826448849079	1.036056415306844	1.0881337124519581	1.177215208782234	1.112094389490483	1.1488874001134195	1.1567571618600787	1.1026069030695491	1.0575872659194105	1.1357377258065733	1.153674271096615	1.1136191100790718	1.1436657054222756	1.1094362825167035	1.0862793554503654	1.1565418328833146	1.0453537549739065	1.1143961047380515	1.1852200722088788	1.073828479063416	1.11158774568397	1.1046301933510203	1.0634340895063596	1.1037545790255654	1.1537228572372744	1.0793458816479709	1.0485371004189572	1.0064131052724838	1.1473834805124385	1.095044794497018	1.1210403885279674	1.081827733041966	1.1436952033085028	1.0837388886207642	1.163507694085577	1.1162196067436654	1.1436461861481326	1.0746167564558509	1.1024227295628344	1.0708652395412515	1.1290200001787818	1.1136787961613606	1.0909454273631738	1.0458454553737826	1.121014854683708	1.1225306614660548	1.085599577207107	1.106856545174773	1.1078651039202452	1.0988823731298945	1.1273179024750837	1.0389682837117127	1.0587041341791608	1.0631872640491435	1.1029334051714699	1.0945545464134365	1.0480403180734046	1.0664873735374414	1.1623932696246984	1.106771264703531	1.0955500961356466	1.074105813643051	1.1294846073485036	1.1320973152842797	1.0807876710349842	1.167846144427033	1.096264876541601	1.0428272409365464	1.0401402506679078	1.0929588511821664	1.0745731036369026	1.0769665953173666	1.088193628223511	1.165079670813905	1.0888101405670245	1.1259616509262493	1.0849678281299935	1.1269728666427083	1.1330827981066247	1.1221280642146925	1.1283554327307843	1.0788088188643918	1.0662498052548766	1.0960220528249904	1.1164614963153898	1.1740388820072059	
